

hidden1:64,hidden2:32,learning_rate:0.002,epochs:300,seed:20
H	0.3592	0.3592	0.0
C	0.3679	0.3679	0.0
V	0.3635	0.3635	0.0
Ari	0.3275	0.3275	0.0
Ami	0.3579	0.3579	0.0
Nmi	0.3636	0.3636	0.0
purity	0.6501	0.6501	0.0
accuracy	0.593	0.593	0.0
f1	0.5894	0.5894	0.0
precision	0.6133	0.6133	0.0
recall	0.593	0.593	0.0
entropy	0.0499	0.0499	0.0
mean list for latex table
'Nmi','purity','Ari','f1','precision','recall','entropy'
0.3636 &0.6501 &0.3275 &0.5894 &0.6133 &0.593 &0.0499 &


hidden1:64,hidden2:32,learning_rate:0.002,epochs:300,seed:20
H	0.3562	0.3604	0.3595	0.3541	0.3612	0.3714	0.3855	0.3807	0.3479	0.3557	0.3633	0.0115
C	0.3591	0.365	0.3544	0.3573	0.3683	0.3793	0.3963	0.385	0.3439	0.3608	0.3669	0.0149
V	0.3576	0.3627	0.3569	0.3557	0.3647	0.3753	0.3908	0.3828	0.3459	0.3582	0.3651	0.0131
Ari	0.3212	0.3356	0.3326	0.3339	0.3404	0.3526	0.3553	0.3752	0.3135	0.3234	0.3384	0.0175
Ami	0.3548	0.359	0.353	0.3527	0.3598	0.3701	0.3841	0.3794	0.3425	0.3543	0.361	0.0123
Nmi	0.3577	0.3627	0.3569	0.3557	0.3647	0.3753	0.3908	0.3828	0.3459	0.3582	0.3651	0.0131
purity	0.6258	0.6519	0.6318	0.6474	0.6504	0.6622	0.6688	0.6709	0.6123	0.642	0.6464	0.0179
accuracy	0.5618	0.5855	0.6078	0.5825	0.5891	0.5999	0.6135	0.6468	0.584	0.5792	0.595	0.0223
f1	0.5784	0.5796	0.6264	0.5742	0.5813	0.5933	0.6131	0.6437	0.6118	0.5738	0.5976	0.0234
precision	0.6496	0.6008	0.6761	0.5878	0.6301	0.6467	0.6667	0.6655	0.6676	0.5898	0.6381	0.0323
recall	0.5618	0.5855	0.6078	0.5825	0.5891	0.5999	0.6135	0.6468	0.584	0.5792	0.595	0.0223
entropy	0.101	0.0469	0.0744	0.0385	0.0863	0.0919	0.0851	0.0366	0.0642	0.0371	0.0662	0.0236
mean list for latex table
'Nmi','purity','Ari','f1','precision','recall','entropy'
0.3651 &0.6464 &0.3384 &0.5976 &0.6381 &0.595 &0.0662 &
