

hidden1:64,hidden2:32,learning_rate:0.002,epochs:300,seed:20
H	0.1859	0.1859	0.0
C	0.1908	0.1908	0.0
V	0.1883	0.1883	0.0
Ari	0.1846	0.1846	0.0
Ami	0.1841	0.1841	0.0
Nmi	0.1883	0.1883	0.0
purity	0.4641	0.4641	0.0
accuracy	0.4479	0.4479	0.0
f1	0.4317	0.4317	0.0
precision	0.4268	0.4268	0.0
recall	0.4479	0.4479	0.0
entropy	0.0431	0.0431	0.0
mean list for latex table
'Nmi','purity','Ari','f1','precision','recall','entropy'
0.1883 &0.4641 &0.1846 &0.4317 &0.4268 &0.4479 &0.0431 &


hidden1:64,hidden2:32,learning_rate:0.002,epochs:300,seed:20
H	0.1835	0.1457	0.1627	0.2222	0.201	0.247	0.1488	0.1443	0.246	0.191	0.1892	0.0375
C	0.1858	0.1472	0.1637	0.2273	0.2076	0.2538	0.1491	0.1439	0.2538	0.192	0.1924	0.0402
V	0.1846	0.1464	0.1632	0.2247	0.2043	0.2503	0.149	0.1441	0.2498	0.1915	0.1908	0.0388
Ari	0.1769	0.1228	0.1393	0.2241	0.198	0.2484	0.1207	0.1148	0.2385	0.1779	0.1761	0.0479
Ami	0.1817	0.1438	0.1609	0.2205	0.1993	0.2453	0.147	0.1421	0.2444	0.1892	0.1874	0.0376
Nmi	0.1846	0.1464	0.1632	0.2247	0.2043	0.2504	0.149	0.1441	0.2499	0.1915	0.1908	0.0388
purity	0.4524	0.3874	0.4019	0.4578	0.4923	0.526	0.4334	0.3811	0.5359	0.4488	0.4517	0.0512
accuracy	0.4208	0.3508	0.3778	0.4494	0.4788	0.52	0.3916	0.3369	0.5089	0.4112	0.4246	0.0603
f1	0.4059	0.3481	0.3754	0.4321	0.4722	0.4991	0.4011	0.3327	0.4983	0.3982	0.4163	0.0556
precision	0.4018	0.3682	0.3852	0.4328	0.5049	0.5135	0.425	0.3347	0.5427	0.4037	0.4312	0.0646
recall	0.4208	0.3508	0.3778	0.4494	0.4788	0.52	0.3916	0.3369	0.5089	0.4112	0.4246	0.0603
entropy	0.0372	0.0744	0.0396	0.0516	0.0661	0.0748	0.0363	0.0255	0.1088	0.0564	0.0571	0.0235
mean list for latex table
'Nmi','purity','Ari','f1','precision','recall','entropy'
0.1908 &0.4517 &0.1761 &0.4163 &0.4312 &0.4246 &0.0571 &
