

H	0.2929	0.2929	0.0
C	0.356	0.356	0.0
V	0.3214	0.3214	0.0
Ari	0.2104	0.2104	0.0
Ami	0.3186	0.3186	0.0
Nmi	0.3214	0.3214	0.0
purity	0.4597	0.4597	0.0
accuracy	44.3131	44.3131	0.0
f1	0.3581	0.3581	0.0
precision	0.5285	0.5285	0.0
recall	0.4431	0.4431	0.0
entropy	0.7147	0.7147	0.0


H	0.4384	0.2915	0.2609	0.2671	0.3813	0.3245	0.3426	0.3426	0.3375	0.4394	0.0	0.0
C	0.4153	0.2828	0.2481	0.2523	0.3696	0.3161	0.3364	0.328	0.3234	0.4151	0.0	0.0
V	0.4265	0.2871	0.2544	0.2595	0.3754	0.3202	0.3395	0.3352	0.3303	0.4269	0.0	0.0
Ari	0.3311	0.2174	0.1425	0.1626	0.3625	0.2154	0.251	0.25	0.2489	0.3426	0.0	0.0
Ami	0.4245	0.2845	0.2517	0.2568	0.3731	0.3178	0.3371	0.3328	0.3279	0.4249	0.0	0.0
Nmi	0.4265	0.2871	0.2544	0.2595	0.3754	0.3202	0.3395	0.3352	0.3303	0.4269	0.0	0.0
purity	0.6049	0.49	0.4605	0.483	0.5768	0.5528	0.5329	0.5443	0.5366	0.6344	1.0	0.0
accuracy	0.5764	0.4453	0.4084	0.4361	0.5303	0.4775	0.442	0.4453	0.4934	0.5506	0.0	0.0
f1	0.5792	0.4559	0.4172	0.431	0.5508	0.4778	0.4364	0.4432	0.4938	0.5594	0.0	0.0
precision	0.6253	0.4889	0.4605	0.4675	0.5912	0.5707	0.5241	0.4755	0.5317	0.637	1.0	0.0
recall	0.5764	0.4453	0.4084	0.4361	0.5303	0.4775	0.442	0.4453	0.4934	0.5506	0.0	0.0
entropy	0.0849	0.0623	0.1102	0.1053	0.0447	0.1862	0.2355	0.0747	0.0751	0.1272	0.0	0.0
mean list for latex table
0.4805 &0.3355 &0.5416 &0.2524 &0.4845 &0.5372 &0.4805 &0.1106 &


H	0.3492	0.3164	0.3813	0.3786	0.3778	0.292	0.4042	0.3941	0.3552	0.3621	0.3611	0.033
C	0.3456	0.3044	0.3593	0.3588	0.3568	0.2762	0.3883	0.3732	0.3353	0.3446	0.3442	0.0311
V	0.3474	0.3103	0.37	0.3685	0.367	0.2839	0.3961	0.3834	0.345	0.3531	0.3525	0.0319
Ari	0.2928	0.2643	0.2625	0.2747	0.2692	0.1879	0.3602	0.2797	0.2677	0.3095	0.2768	0.0409
Ami	0.345	0.3078	0.3677	0.3662	0.3648	0.2813	0.3939	0.3812	0.3426	0.3508	0.3501	0.0321
Nmi	0.3474	0.3103	0.37	0.3685	0.367	0.2839	0.3961	0.3834	0.345	0.3531	0.3525	0.0319
purity	0.5366	0.5406	0.5351	0.5775	0.531	0.4738	0.6086	0.558	0.5643	0.5687	0.5494	0.0339
accuracy	0.4801	0.4756	0.4549	0.5022	0.4849	0.4184	0.5679	0.4645	0.4694	0.4985	0.4816	0.0365
f1	0.4768	0.4733	0.448	0.5105	0.4889	0.4109	0.5823	0.4651	0.4781	0.5317	0.4866	0.0445
precision	0.496	0.4863	0.4815	0.5756	0.5304	0.4356	0.6279	0.5	0.5292	0.5984	0.5261	0.0561
recall	0.4801	0.4756	0.4549	0.5022	0.4849	0.4184	0.5679	0.4645	0.4694	0.4985	0.4816	0.0365
entropy	0.0666	0.0352	0.0949	0.1183	0.0808	0.086	0.0538	0.0815	0.1	0.0818	0.0799	0.0224
mean list for latex table
0.4816 &0.3525 &0.5494 &0.2768 &0.4866 &0.5261 &0.4816 &0.0799 &


H	0.4251	0.4199	0.4424	0.3415	0.3992	0.3634	0.3884	0.322	0.3161	0.4091	0.3827	0.0424
C	0.4062	0.4042	0.4168	0.3225	0.3837	0.345	0.3738	0.3046	0.3006	0.3863	0.3644	0.041
V	0.4154	0.4119	0.4292	0.3317	0.3913	0.3539	0.381	0.313	0.3081	0.3974	0.3733	0.0416
Ari	0.3195	0.2875	0.3395	0.2568	0.3399	0.2931	0.2765	0.1961	0.1986	0.2814	0.2789	0.0481
Ami	0.4133	0.4098	0.4272	0.3294	0.3891	0.3516	0.3788	0.3106	0.3057	0.3952	0.3711	0.0418
Nmi	0.4154	0.4119	0.4292	0.3317	0.3913	0.3539	0.381	0.313	0.3081	0.3974	0.3733	0.0416
purity	0.6193	0.5986	0.6315	0.548	0.6171	0.6045	0.5476	0.5137	0.5018	0.5502	0.5732	0.0442
accuracy	0.5521	0.5369	0.5554	0.5052	0.5185	0.5576	0.4874	0.4738	0.4232	0.5203	0.513	0.0404
f1	0.555	0.5282	0.5739	0.5127	0.5395	0.5627	0.48	0.4724	0.4206	0.5076	0.5153	0.0449
precision	0.6381	0.5894	0.6423	0.5697	0.6076	0.6061	0.5287	0.5288	0.4524	0.5632	0.5726	0.0549
recall	0.5521	0.5369	0.5554	0.5052	0.5185	0.5576	0.4874	0.4738	0.4232	0.5203	0.513	0.0404
entropy	0.1351	0.1345	0.0989	0.0866	0.0815	0.0715	0.0936	0.134	0.0712	0.1505	0.1057	0.0283
mean list for latex table
0.513 &0.3733 &0.5732 &0.2789 &0.5153 &0.5726 &0.513 &0.1057 &


H	0.3607	0.3607	0.0
C	0.3431	0.3431	0.0
V	0.3517	0.3517	0.0
Ari	0.2483	0.2483	0.0
Ami	0.3494	0.3494	0.0
Nmi	0.3517	0.3517	0.0
purity	0.5355	0.5355	0.0
accuracy	0.4697	0.4697	0.0
f1	0.4755	0.4755	0.0
precision	0.5104	0.5104	0.0
recall	0.4697	0.4697	0.0
entropy	0.0549	0.0549	0.0
mean list for latex table
0.4697 &0.3517 &0.5355 &0.2483 &0.4755 &0.5104 &0.4697 &0.0549 &


H	0.3735	0.3735	0.0
C	0.3551	0.3551	0.0
V	0.364	0.364	0.0
Ari	0.2912	0.2912	0.0
Ami	0.3618	0.3618	0.0
Nmi	0.364	0.364	0.0
purity	0.5735	0.5735	0.0
accuracy	0.4826	0.4826	0.0
f1	0.5065	0.5065	0.0
precision	0.5887	0.5887	0.0
recall	0.4826	0.4826	0.0
entropy	0.1112	0.1112	0.0
mean list for latex table
0.4826 &0.364 &0.5735 &0.2912 &0.5065 &0.5887 &0.4826 &0.1112 &

H	0.415	0.416	0.3894	0.3725	0.4429	0.4431	0.4033	0.3435	0.4345	0.3581	0.4018	0.0334
C	0.3935	0.3925	0.3696	0.3549	0.4307	0.4262	0.3849	0.3272	0.4149	0.3422	0.3837	0.0333
V	0.404	0.4039	0.3792	0.3635	0.4367	0.4345	0.3939	0.3351	0.4245	0.35	0.3925	0.0334
Ari	0.3016	0.3237	0.2732	0.2992	0.3272	0.3405	0.2947	0.2341	0.3329	0.2364	0.2964	0.0361
Ami	0.4019	0.4018	0.377	0.3612	0.4347	0.4324	0.3917	0.3328	0.4224	0.3477	0.3904	0.0334
Nmi	0.404	0.4039	0.3792	0.3635	0.4367	0.4345	0.3939	0.3351	0.4245	0.35	0.3925	0.0334
purity	0.5982	0.6174	0.5668	0.5846	0.6241	0.6086	0.5739	0.5491	0.6123	0.5775	0.5912	0.0234
accuracy	0.5569	0.5192	0.4948	0.5052	0.5018	0.5203	0.5214	0.438	0.5539	0.4398	0.5051	0.0383
f1	0.5469	0.5402	0.5008	0.5016	0.5077	0.5402	0.5239	0.4232	0.5471	0.4498	0.5081	0.04
precision	0.6178	0.6169	0.603	0.5572	0.6274	0.644	0.5525	0.457	0.6211	0.5456	0.5843	0.0536
recall	0.5569	0.5192	0.4948	0.5052	0.5018	0.5203	0.5214	0.438	0.5539	0.4398	0.5051	0.0383
entropy	0.1542	0.1117	0.1826	0.096	0.2099	0.1343	0.0473	0.1024	0.1346	0.1601	0.1333	0.0443
mean list for latex table
0.5051 &0.3925 &0.5912 &0.2964 &0.5081 &0.5843 &0.5051 &0.1333 &


hidden1:64,hidden2:32,learning_rate:0.002,epochs:300,seed:20
H	0.4156	0.4156	0.0
C	0.3953	0.3953	0.0
V	0.4052	0.4052	0.0
Ari	0.3025	0.3025	0.0
Ami	0.3932	0.3932	0.0
Nmi	0.4053	0.4053	0.0
purity	0.5923	0.5923	0.0
accuracy	0.5292	0.5292	0.0
f1	0.5264	0.5264	0.0
precision	0.6189	0.6189	0.0
recall	0.5292	0.5292	0.0
entropy	0.1785	0.1785	0.0
mean list for latex table
'Nmi','purity','Ari','f1','precision','recall','entropy'
0.4053 &0.5923 &0.3025 &0.5264 &0.6189 &0.5292 &0.1785 &


hidden1:64,hidden2:32,learning_rate:0.002,epochs:300,seed:20
H	0.3765	0.3765	0.0
C	0.4328	0.4328	0.0
V	0.4027	0.4027	0.0
Ari	0.2774	0.2774	0.0
Ami	0.3742	0.3742	0.0
Nmi	0.4036	0.4036	0.0
purity	0.5443	0.5443	0.0
accuracy	0.49	0.49	0.0
f1	0.4491	0.4491	0.0
precision	0.5078	0.5078	0.0
recall	0.49	0.49	0.0
entropy	0.3376	0.3376	0.0
mean list for latex table
'Nmi','purity','Ari','f1','precision','recall','entropy'
0.4036 &0.5443 &0.2774 &0.4491 &0.5078 &0.49 &0.3376 &


hidden1:64,hidden2:32,learning_rate:0.002,epochs:300,seed:20
H	0.3909	0.3909	0.0
C	0.3692	0.3692	0.0
V	0.3797	0.3797	0.0
Ari	0.3119	0.3119	0.0
Ami	0.3671	0.3671	0.0
Nmi	0.3799	0.3799	0.0
purity	0.596	0.596	0.0
accuracy	0.5074	0.5074	0.0
f1	0.5348	0.5348	0.0
precision	0.6239	0.6239	0.0
recall	0.5074	0.5074	0.0
entropy	0.1037	0.1037	0.0
mean list for latex table
'Nmi','purity','Ari','f1','precision','recall','entropy'
0.3799 &0.596 &0.3119 &0.5348 &0.6239 &0.5074 &0.1037 &
