

H	0.4647	0.4647	0.0
C	0.4439	0.4439	0.0
V	0.4541	0.4541	0.0
Ari	0.4121	0.4121	0.0
Ami	0.4521	0.4521	0.0
Nmi	0.4541	0.4541	0.0
purity	0.6573	0.6573	0.0
accuracy	0.6366	0.6366	0.0
f1	0.6554	0.6554	0.0
precision	0.6948	0.6948	0.0


H	0.5041	0.5041	0.0
C	0.4835	0.4835	0.0
V	0.4936	0.4936	0.0
Ari	0.4348	0.4348	0.0
Ami	0.4918	0.4918	0.0
Nmi	0.4936	0.4936	0.0
purity	0.6747	0.6747	0.0
accuracy	0.6562	0.6562	0.0
f1	0.6783	0.6783	0.0
precision	0.7335	0.7335	0.0
recall	0.6562	0.6562	0.0
entropy	0.0721	0.0721	0.0


hidden1:64,hidden2:32,learning_rate:0.002,epochs:50,seed:20
H	0.4552	0.4799	0.4614	0.4583	0.4805	0.4671	0.0109
C	0.4426	0.4645	0.4489	0.4385	0.467	0.4523	0.0115
V	0.4488	0.4721	0.4551	0.4482	0.4737	0.4596	0.0112
Ari	0.3453	0.402	0.388	0.3633	0.4298	0.3857	0.0295
Ami	0.4468	0.4702	0.4531	0.4462	0.4718	0.4576	0.0112
Nmi	0.4488	0.4721	0.4551	0.4482	0.4737	0.4596	0.0112
purity	0.6798	0.6643	0.6569	0.6329	0.6702	0.6608	0.0158
accuracy	0.5871	0.664	0.6473	0.62	0.6695	0.6376	0.0306
f1	0.591	0.6774	0.6599	0.6322	0.6868	0.6495	0.0346
precision	0.6567	0.7305	0.7234	0.7025	0.7433	0.7113	0.0303
recall	0.5871	0.664	0.6473	0.62	0.6695	0.6376	0.0306
entropy	0.1176	0.0782	0.0966	0.11	0.0801	0.0965	0.0157
time	6.2913	5.8468	5.8504	5.8261	5.7768	5.9183	0.1883
mean list for latex table
'Nmi','purity','Ari','f1','precision','recall','entropy'
0.4596 &0.6608 &0.3857 &0.6495 &0.7113 &0.6376 &0.0965 &
