

hidden1:64,hidden2:32,learning_rate:0.002,epochs:300,seed:20
H	0.1445	0.1571	0.139	0.1321	0.1474	0.1258	0.1194	0.1533	0.1537	0.1564	0.1429	0.0127
C	0.1666	0.1761	0.1572	0.151	0.1664	0.1443	0.1362	0.1715	0.1699	0.18	0.1619	0.0136
V	0.1547	0.166	0.1475	0.1409	0.1563	0.1344	0.1273	0.1619	0.1614	0.1674	0.1518	0.0131
Ari	0.0747	0.0899	0.0736	0.0679	0.0803	0.0679	0.0683	0.0835	0.0886	0.0883	0.0783	0.0085
Ami	0.1428	0.1554	0.1373	0.1304	0.1458	0.1241	0.1177	0.1517	0.152	0.1548	0.1412	0.0127
Nmi	0.1551	0.1663	0.1478	0.1412	0.1566	0.1347	0.1275	0.1622	0.1616	0.1678	0.1521	0.0131
purity	0.2789	0.2966	0.2813	0.2726	0.2906	0.2708	0.2488	0.2858	0.299	0.3034	0.2828	0.0154
accuracy	0.2688	0.2631	0.2523	0.2438	0.2454	0.2337	0.2409	0.2492	0.2657	0.2664	0.2529	0.0117
f1	0.2514	0.2414	0.2366	0.2259	0.2353	0.2058	0.2102	0.2261	0.2519	0.2378	0.2322	0.0147
precision	0.3039	0.2836	0.2904	0.2859	0.2895	0.2573	0.2097	0.2462	0.2758	0.2509	0.2693	0.0267
recall	0.2688	0.2631	0.2523	0.2438	0.2454	0.2337	0.2409	0.2492	0.2657	0.2664	0.2529	0.0117
entropy	0.3492	0.3316	0.3254	0.3595	0.3223	0.3927	0.3801	0.3192	0.2724	0.3445	0.3397	0.0324
mean list for latex table
'Nmi','purity','Ari','f1','precision','recall','entropy'
0.1521 &0.2828 &0.0783 &0.2322 &0.2693 &0.2529 &0.3397 &


hidden1:64,hidden2:32,learning_rate:0.002,epochs:300,seed:20
H	0.1356	0.1356	0.0
C	0.1515	0.1515	0.0
V	0.1431	0.1431	0.0
Ari	0.0859	0.0859	0.0
Ami	0.1339	0.1339	0.0
Nmi	0.1433	0.1433	0.0
purity	0.2825	0.2825	0.0
accuracy	0.2615	0.2615	0.0
f1	0.2287	0.2287	0.0
precision	0.2256	0.2256	0.0
recall	0.2615	0.2615	0.0
entropy	0.3042	0.3042	0.0
time	281.8251	281.8251	0.0
mean list for latex table
'Nmi','purity','Ari','f1','precision','recall','entropy'
0.1433 &0.2825 &0.0859 &0.2287 &0.2256 &0.2615 &0.3042 &
