H	0.1198	0.1198	0.0
C	0.1517	0.1517	0.0
V	0.1339	0.1339	0.0
Ari	0.0738	0.0738	0.0
Ami	0.1303	0.1303	0.0
Nmi	0.1339	0.1339	0.0
purity	0.3778	0.3778	0.0
accuracy	31.9793	31.9793	0.0
f1	0.1088	0.1088	0.0
precision	0.1553	0.1553	0.0
H	0.1198	0.1198	0.0
C	0.1517	0.1517	0.0
V	0.1339	0.1339	0.0
Ari	0.0738	0.0738	0.0
Ami	0.1303	0.1303	0.0
Nmi	0.1339	0.1339	0.0
purity	0.3778	0.3778	0.0
accuracy	31.9793	31.9793	0.0
f1	0.1088	0.1088	0.0
precision	0.1553	0.1553	0.0
H	0.3133	0.4151	0.4052	0.4052	0.0
C	0.3116	0.4208	0.3994	0.3994	0.0
V	0.3124	0.4179	0.4023	0.4023	0.0
Ari	0.2535	0.3156	0.2913	0.2913	0.0
Ami	0.3099	0.4158	0.4001	0.4001	0.0
Nmi	0.3124	0.4179	0.4023	0.4023	0.0
purity	0.5639	0.6112	0.6211	0.6211	0.0
accuracy	54.099	50.8493	53.8035	53.8035	0.0
f1	0.2033	0.2045	0.0562	0.0562	0.0
precision	0.195	0.2306	0.0638	0.0638	0.0
H	0.4035	0.3986	0.3248	0.3248	0.0
C	0.3961	0.3915	0.3612	0.3612	0.0
V	0.3998	0.395	0.342	0.342	0.0
Ari	0.315	0.2911	0.2364	0.2364	0.0
Ami	0.3976	0.3928	0.3395	0.3395	0.0
Nmi	0.3998	0.395	0.342	0.342	0.0
purity	0.5742	0.5886	0.5295	0.5295	0.0
accuracy	54.8006	51.1448	50.0369	50.0369	0.0
f1	0.1126	0.0141	0.0627	0.0627	0.0
precision	0.1407	0.0139	0.0663	0.0663	0.0
H	0.1436	0.1436	0.0
C	0.1978	0.1978	0.0
V	0.1664	0.1664	0.0
Ari	0.0967	0.0967	0.0
Ami	0.1628	0.1628	0.0
Nmi	0.1664	0.1664	0.0
purity	0.3999	0.3999	0.0
accuracy	36.1891	36.1891	0.0
f1	0.2492	0.2492	0.0
precision	0.2939	0.2939	0.0
H	0.1436	0.1436	0.0
C	0.1978	0.1978	0.0
V	0.1664	0.1664	0.0
Ari	0.0967	0.0967	0.0
Ami	0.1628	0.1628	0.0
Nmi	0.1664	0.1664	0.0
purity	0.3999	0.3999	0.0
accuracy	36.1891	36.1891	0.0
f1	0.2492	0.2492	0.0
precision	0.2939	0.2939	0.0
H	0.1436	0.1436	0.0
C	0.1978	0.1978	0.0
V	0.1664	0.1664	0.0
Ari	0.0967	0.0967	0.0
Ami	0.1628	0.1628	0.0
Nmi	0.1664	0.1664	0.0
purity	0.3999	0.3999	0.0
accuracy	36.1891	36.1891	0.0
f1	0.2492	0.2492	0.0
precision	0.2939	0.2939	0.0


H	0.1436	0.1436	0.0
C	0.1978	0.1978	0.0
V	0.1664	0.1664	0.0
Ari	0.0967	0.0967	0.0
Ami	0.1628	0.1628	0.0
Nmi	0.1664	0.1664	0.0
purity	0.3999	0.3999	0.0
accuracy	36.1891	36.1891	0.0
f1	0.2492	0.2492	0.0
precision	0.2939	0.2939	0.0
recall	0.2679	0.2679	0.0


H	0.007	0.0059	0.0045	0.0045	0.0
C	0.0076	0.0062	0.0047	0.0047	0.0
V	0.0073	0.0061	0.0046	0.0046	0.0
Ari	0.0044	-0.0028	-0.0039	-0.0039	0.0
Ami	0.0035	0.0023	0.0009	0.0009	0.0
Nmi	0.0073	0.0061	0.0046	0.0046	0.0
purity	0.3039	0.3021	0.3021	0.3021	0.0
accuracy	21.2703	18.6115	18.2053	18.2053	0.0
f1	0.203	0.1801	0.1797	0.1797	0.0
precision	0.2146	0.1847	0.1885	0.1885	0.0
recall	0.2127	0.1861	0.1821	0.1821	0.0
entropy	nan	nan	nan	nan	nan


H	0.0078	0.0042	0.0086	0.0086	0.0
C	0.0087	0.0045	0.0104	0.0104	0.0
V	0.0082	0.0043	0.0094	0.0094	0.0
Ari	-0.0022	-0.0011	-0.0079	-0.0079	0.0
Ami	0.0043	0.0005	0.0054	0.0054	0.0
Nmi	0.0082	0.0043	0.0094	0.0094	0.0
purity	0.3021	0.3021	0.3021	0.3021	0.0
accuracy	20.7164	20.1256	20.3102	20.3102	0.0
f1	0.1922	0.1926	0.1811	0.1811	0.0
precision	0.1866	0.1921	0.1916	0.1916	0.0
recall	0.2072	0.2013	0.2031	0.2031	0.0
entropy	nan	nan	nan	nan	nan


H	0.0097	0.0097	0.0
C	0.01	0.01	0.0
V	0.0098	0.0098	0.0
Ari	0.0013	0.0013	0.0
Ami	0.0061	0.0061	0.0
Nmi	0.0098	0.0098	0.0
purity	0.3021	0.3021	0.0
accuracy	20.2733	20.2733	0.0
f1	0.196	0.196	0.0
precision	0.2026	0.2026	0.0
recall	0.2027	0.2027	0.0
entropy	nan	nan	nan


H	0.0122	0.0122	0.0
C	0.0127	0.0127	0.0
V	0.0124	0.0124	0.0
Ari	0.0033	0.0033	0.0
Ami	0.0087	0.0087	0.0
Nmi	0.0124	0.0124	0.0
purity	0.3021	0.3021	0.0
accuracy	20.3102	20.3102	0.0
f1	0.1981	0.1981	0.0
precision	0.198	0.198	0.0
recall	0.2031	0.2031	0.0
entropy	nan	nan	nan


H	0.0073	0.0073	0.0
C	0.0084	0.0084	0.0
V	0.0078	0.0078	0.0
Ari	0.0041	0.0041	0.0
Ami	0.0039	0.0039	0.0
Nmi	0.0078	0.0078	0.0
purity	0.3021	0.3021	0.0
accuracy	21.0857	21.0857	0.0
f1	0.1935	0.1935	0.0
precision	0.1909	0.1909	0.0
recall	0.2109	0.2109	0.0
entropy	nan	nan	nan


H	0.0164	0.0164	0.0
C	0.0211	0.0211	0.0
V	0.0185	0.0185	0.0
Ari	0.0024	0.0024	0.0
Ami	0.0143	0.0143	0.0
Nmi	0.0185	0.0185	0.0
purity	0.3039	0.3039	0.0
accuracy	22.3412	22.3412	0.0
f1	0.1891	0.1891	0.0
precision	0.1977	0.1977	0.0
recall	0.2234	0.2234	0.0
entropy	nan	nan	nan


H	0.0063	0.0063	0.0
C	0.0063	0.0063	0.0
V	0.0063	0.0063	0.0
Ari	0.0001	0.0001	0.0
Ami	0.0027	0.0027	0.0
Nmi	0.0063	0.0063	0.0
purity	0.3021	0.3021	0.0
accuracy	17.4668	17.4668	0.0
f1	0.1781	0.1781	0.0
precision	0.2078	0.2078	0.0
recall	0.1747	0.1747	0.0
entropy	0.1305	0.1305	0.0


H	0.0063	0.0063	0.0
C	0.0071	0.0071	0.0
V	0.0067	0.0067	0.0
Ari	-0.0053	-0.0053	0.0
Ami	0.0028	0.0028	0.0
Nmi	0.0067	0.0067	0.0
purity	0.3021	0.3021	0.0
accuracy	19.6824	19.6824	0.0
f1	0.1857	0.1857	0.0
precision	0.1974	0.1974	0.0
recall	0.1968	0.1968	0.0
entropy	0.1451	0.1451	0.0
