

hidden1:64,hidden2:32,learning_rate:0.002,epochs:300,seed:20
H	0.1117	0.1072	0.1113	0.0901	0.1161	0.1176	0.0656	0.1112	0.1063	0.1147	0.1052	0.0151
C	0.1256	0.1214	0.1254	0.1009	0.131	0.133	0.0717	0.126	0.1185	0.1307	0.1184	0.0178
V	0.1182	0.1139	0.1179	0.0952	0.1231	0.1248	0.0685	0.1181	0.1121	0.1222	0.1114	0.0164
Ari	0.0713	0.0574	0.0644	0.0508	0.0624	0.0686	0.0455	0.0617	0.0564	0.0623	0.0601	0.0074
Ami	0.1099	0.1055	0.1096	0.0884	0.1144	0.1158	0.0638	0.1094	0.1046	0.113	0.1034	0.0151
Nmi	0.1184	0.1141	0.1181	0.0954	0.1233	0.125	0.0686	0.1183	0.1122	0.1224	0.1116	0.0164
purity	0.2636	0.2412	0.2507	0.2411	0.2558	0.2557	0.2269	0.2524	0.2449	0.2524	0.2485	0.0098
accuracy	0.2512	0.2198	0.2393	0.2182	0.2224	0.2434	0.2148	0.2329	0.2136	0.2341	0.229	0.0124
f1	0.2196	0.1958	0.2111	0.1943	0.1989	0.2162	0.189	0.206	0.1943	0.2093	0.2034	0.0099
precision	0.218	0.1998	0.2106	0.2057	0.2143	0.2186	0.1996	0.2092	0.1988	0.2171	0.2092	0.0075
recall	0.2512	0.2198	0.2393	0.2182	0.2224	0.2434	0.2148	0.2329	0.2136	0.2341	0.229	0.0124
entropy	0.3107	0.3219	0.3036	0.2914	0.3181	0.3212	0.252	0.3303	0.2997	0.3358	0.3085	0.0229
mean list for latex table
'Nmi','purity','Ari','f1','precision','recall','entropy'
0.1116 &0.2485 &0.0601 &0.2034 &0.2092 &0.229 &0.3085 &


hidden1:64,hidden2:32,learning_rate:0.002,epochs:300,seed:20
H	0.1188	0.1188	0.0
C	0.1336	0.1336	0.0
V	0.1258	0.1258	0.0
Ari	0.0701	0.0701	0.0
Ami	0.1171	0.1171	0.0
Nmi	0.126	0.126	0.0
purity	0.2576	0.2576	0.0
accuracy	0.2421	0.2421	0.0
f1	0.2129	0.2129	0.0
precision	0.2139	0.2139	0.0
recall	0.2421	0.2421	0.0
entropy	0.3007	0.3007	0.0
time	288.9766	288.9766	0.0
mean list for latex table
'Nmi','purity','Ari','f1','precision','recall','entropy'
0.126 &0.2576 &0.0701 &0.2129 &0.2139 &0.2421 &0.3007 &
