

H	0.4416	0.4329	0.4444	0.4778	0.3776	0.4334	0.4304	0.4067	0.4454	0.491	0.0	0.0
C	0.5141	0.4615	0.4766	0.5246	0.3948	0.4253	0.4479	0.4154	0.4569	0.5111	0.0	0.0
V	0.4751	0.4468	0.4599	0.5002	0.386	0.4293	0.439	0.411	0.4511	0.5008	0.0	0.0
Ari	0.382	0.3453	0.343	0.4293	0.2272	0.3245	0.3284	0.2524	0.333	0.4417	0.0	0.0
Ami	0.473	0.4447	0.4579	0.4982	0.3837	0.4272	0.4369	0.4088	0.449	0.499	0.0	0.0
Nmi	0.4751	0.4468	0.4599	0.5002	0.386	0.4293	0.439	0.411	0.4511	0.5008	0.0	0.0
purity	0.6448	0.6352	0.6392	0.6968	0.5901	0.6359	0.6215	0.599	0.6544	0.7035	1.0	0.0
accuracy	0.6204	0.5716	0.6392	0.6935	0.4778	0.5399	0.6045	0.5458	0.572	0.7035	1.0	0.0
f1	0.6024	0.564	0.6447	0.6949	0.4928	0.5763	0.6165	0.5859	0.6285	0.7115	1.0	0.0
precision	0.6532	0.6067	0.7092	0.7725	0.5909	0.6632	0.6814	0.715	0.7852	0.7695	1.0	0.0
recall	0.6204	0.5716	0.6392	0.6935	0.4778	0.5399	0.6045	0.5458	0.572	0.7035	1.0	0.0
entropy	0.1111	0.0943	0.0897	0.1156	0.1468	0.1027	0.0875	0.1955	0.2418	0.0789	0.0	0.0
mean list for latex table
0.5968 &0.4499 &0.642 &0.3407 &0.6118 &0.6947 &0.5968 &0.1264 &


H	0.4923	0.4241	0.4145	0.423	0.4386	0.4517	0.5044	0.4191	0.4664	0.4821	0.4516	0.0313
C	0.4892	0.4528	0.4063	0.4337	0.4855	0.4674	0.5196	0.4068	0.4811	0.5426	0.4685	0.0426
V	0.4908	0.438	0.4104	0.4283	0.4608	0.4594	0.5119	0.4128	0.4736	0.5106	0.4597	0.0354
Ari	0.3861	0.2751	0.2765	0.3192	0.3702	0.3594	0.4602	0.3019	0.3795	0.4103	0.3538	0.0571
Ami	0.4889	0.4358	0.4082	0.4262	0.4588	0.4574	0.5101	0.4107	0.4717	0.5087	0.4576	0.0356
Nmi	0.4908	0.438	0.4104	0.4283	0.4608	0.4594	0.5119	0.4128	0.4736	0.5106	0.4597	0.0354
purity	0.7053	0.6256	0.5894	0.637	0.6374	0.6473	0.7068	0.6285	0.6595	0.6894	0.6526	0.0359
accuracy	0.603	0.5425	0.514	0.5698	0.575	0.6473	0.702	0.558	0.6577	0.6887	0.6058	0.0612
f1	0.6558	0.5848	0.5432	0.6206	0.5692	0.6618	0.7126	0.5831	0.669	0.6908	0.6291	0.0541
precision	0.7756	0.786	0.6469	0.7287	0.6085	0.7486	0.7926	0.6437	0.75	0.7918	0.7272	0.0654
recall	0.603	0.5425	0.514	0.5698	0.575	0.6473	0.702	0.558	0.6577	0.6887	0.6058	0.0612
entropy	0.1778	0.3237	0.1413	0.1933	0.0659	0.1221	0.1117	0.0911	0.1133	0.1454	0.1486	0.0686
mean list for latex table
0.6058 &0.4597 &0.6526 &0.3538 &0.6291 &0.7272 &0.6058 &0.1486 &


H	0.4625	0.4625	0.0
C	0.4818	0.4818	0.0
V	0.472	0.472	0.0
Ari	0.3732	0.3732	0.0
Ami	0.47	0.47	0.0
Nmi	0.472	0.472	0.0
purity	0.6606	0.6606	0.0
accuracy	0.6606	0.6606	0.0
f1	0.6694	0.6694	0.0
precision	0.7308	0.7308	0.0
recall	0.6606	0.6606	0.0
entropy	0.0821	0.0821	0.0
mean list for latex table
0.6606 &0.472 &0.6606 &0.3732 &0.6694 &0.7308 &0.6606 &0.0821 &
