

hidden1:64,hidden2:32,learning_rate:0.002,epochs:300,seed:20
H	0.0865	0.1218	0.2026	0.0877	0.1906	0.1035	0.097	0.2879	0.0883	0.0876	0.1354	0.0653
C	0.0961	0.1279	0.2053	0.0969	0.1958	0.1077	0.1007	0.3008	0.0976	0.0967	0.1426	0.0658
V	0.091	0.1248	0.2039	0.0921	0.1932	0.1055	0.0988	0.2942	0.0927	0.0919	0.1388	0.0656
Ari	0.0533	0.0736	0.1297	0.0534	0.1191	0.0595	0.0549	0.2155	0.054	0.0532	0.0866	0.0508
Ami	0.0852	0.1206	0.2015	0.0865	0.1895	0.1023	0.0958	0.2869	0.087	0.0863	0.1342	0.0654
Nmi	0.0912	0.1248	0.2039	0.0922	0.1932	0.1056	0.0988	0.2943	0.0928	0.092	0.1389	0.0656
purity	0.2991	0.3314	0.4069	0.3006	0.3863	0.3072	0.3079	0.5056	0.3027	0.3016	0.3449	0.0649
accuracy	0.2585	0.3149	0.3605	0.2619	0.3641	0.2871	0.2775	0.4554	0.261	0.2629	0.3104	0.0615
f1	0.2432	0.3042	0.3728	0.2467	0.3651	0.2854	0.2735	0.4296	0.2408	0.2477	0.3009	0.0629
precision	0.2657	0.3293	0.3973	0.2659	0.3804	0.3147	0.2956	0.4255	0.2509	0.266	0.3191	0.0592
recall	0.2585	0.3149	0.3605	0.2619	0.3641	0.2871	0.2775	0.4554	0.261	0.2629	0.3104	0.0615
entropy	0.2443	0.1228	0.033	0.2295	0.0448	0.0977	0.0842	0.0758	0.2339	0.2316	0.1398	0.0812
mean list for latex table
'Nmi','purity','Ari','f1','precision','recall','entropy'
0.1389 &0.3449 &0.0866 &0.3009 &0.3191 &0.3104 &0.1398 &


hidden1:64,hidden2:32,learning_rate:0.002,epochs:300,seed:20
H	0.1159	0.1159	0.0
C	0.1233	0.1233	0.0
V	0.1195	0.1195	0.0
Ari	0.0674	0.0674	0.0
Ami	0.1147	0.1147	0.0
Nmi	0.1195	0.1195	0.0
purity	0.3322	0.3322	0.0
accuracy	0.3162	0.3162	0.0
f1	0.3047	0.3047	0.0
precision	0.3355	0.3355	0.0
recall	0.3162	0.3162	0.0
entropy	0.1383	0.1383	0.0
time	144.4761	144.4761	0.0
mean list for latex table
'Nmi','purity','Ari','f1','precision','recall','entropy'
0.1195 &0.3322 &0.0674 &0.3047 &0.3355 &0.3162 &0.1383 &










