

H	0.042	0.042	0.0
C	0.0791	0.0791	0.0
V	0.0549	0.0549	0.0
Ari	0.0257	0.0257	0.0
Ami	0.0503	0.0503	0.0
Nmi	0.0549	0.0549	0.0
purity	0.3054	0.3054	0.0
accuracy	0.2755	0.2755	0.0
f1	0.2016	0.2016	0.0
precision	0.249	0.249	0.0
recall	0.2755	0.2755	0.0
entropy	1.4715	1.4715	0.0


H	0.1686	0.1686	0.0
C	0.2258	0.2258	0.0
V	0.193	0.193	0.0
Ari	0.1095	0.1095	0.0
Ami	0.1895	0.1895	0.0
Nmi	0.193	0.193	0.0
purity	0.3837	0.3837	0.0
accuracy	0.3538	0.3538	0.0
f1	0.2885	0.2885	0.0
precision	0.3406	0.3406	0.0
recall	0.3538	0.3538	0.0
entropy	0.5602	0.5602	0.0
mean list for latex table
0.3538 &0.193 &0.3837 &0.1095 &0.2885 &0.3406 &0.3538 &0.5602 &


H	0.1117	0.1228	0.1503	0.0965	0.1613	0.0926	0.0885	0.0891	0.1258	0.1078	0.11463999999999999	0.02417801480684467
C	0.1743	0.1676	0.2405	0.1687	0.2198	0.1283	0.147	0.1431	0.1704	0.1439	0.17035999999999998	0.03338832730161845
V	0.1362	0.1418	0.185	0.1228	0.186	0.1075	0.1105	0.1098	0.1447	0.1232	0.13675	0.02737108876168429
Ari	0.0616	0.0809	0.08	0.0734	0.0746	0.0479	0.0292	0.0413	0.0842	0.0635	0.06366000000000001	0.017722200766270537
Ami	0.1321	0.1379	0.181	0.1184	0.1824	0.1035	0.1062	0.1056	0.1411	0.1195	0.13277	0.02751167206841489
Nmi	0.1362	0.1418	0.185	0.1228	0.186	0.1075	0.1105	0.1098	0.1447	0.1232	0.13675	0.02737108876168429
purity	0.3682	0.3833	0.3719	0.3674	0.394	0.3239	0.3501	0.3678	0.4062	0.3567	0.36895	0.021837731109252162
accuracy	0.3397	0.3586	0.3586	0.3482	0.3604	0.2877	0.325	0.3523	0.3608	0.336	0.34273000000000003	0.021589583136318303
f1	0.2757	0.2986	0.3088	0.261	0.3121	0.251	0.2791	0.301	0.3053	0.2895	0.28820999999999997	0.019810121150563412
precision	0.4472	0.3254	0.419	0.3823	0.31	0.3208	0.4224	0.3546	0.2984	0.2955	0.35756	0.0535108624486655
recall	0.3397	0.3586	0.3586	0.3482	0.3604	0.2877	0.325	0.3523	0.3608	0.336	0.34273000000000003	0.021589583136318303
entropy	0.9148	0.4483	0.9256	0.8776	0.5165	0.6871	1.2323	0.5052	0.4637	0.3569	0.6927999999999999	0.2683458477413056
mean list for latex table
0.34273000000000003 &0.13675 &0.36895 &0.06366000000000001 &0.28820999999999997 &0.35756 &0.34273000000000003 &0.6927999999999999 &


hidden1:64,hidden2:32,learning_rate:0.002,epochs:300,seed:20
H	0.0454	0.0454	0.0
C	0.0816	0.0816	0.0
V	0.0583	0.0583	0.0
Ari	0.0139	0.0139	0.0
Ami	0.0417	0.0417	0.0
Nmi	0.0608	0.0608	0.0
purity	0.3095	0.3095	0.0
accuracy	0.2459	0.2459	0.0
f1	0.1893	0.1893	0.0
precision	0.3286	0.3286	0.0
recall	0.2459	0.2459	0.0
entropy	1.1264	1.1264	0.0
time	15.622	15.622	0.0
mean list for latex table
'Nmi','purity','Ari','f1','precision','recall','entropy'
0.0608 &0.3095 &0.0139 &0.1893 &0.3286 &0.2459 &1.1264 &
