

hidden1:64,hidden2:32,learning_rate:0.002,epochs:300,seed:20
H	0.1644	0.1877	0.1597	0.171	0.1896	0.1549	0.1903	0.1811	0.1754	0.1575	0.1732	0.013
C	0.2055	0.2312	0.2044	0.2158	0.2012	0.1808	0.234	0.1997	0.2034	0.178	0.2054	0.0173
V	0.1827	0.2072	0.1793	0.1908	0.1952	0.1669	0.2099	0.1899	0.1884	0.1671	0.1877	0.0138
Ari	0.0623	0.0831	0.0578	0.0651	0.1158	0.0579	0.0929	0.1018	0.0816	0.0805	0.0799	0.0186
Ami	0.1626	0.1859	0.1579	0.1692	0.1878	0.1531	0.1885	0.1793	0.1737	0.1556	0.1714	0.013
Nmi	0.1838	0.2083	0.1807	0.1921	0.1953	0.1674	0.211	0.1902	0.1889	0.1674	0.1885	0.0139
purity	0.4019	0.4271	0.3977	0.4061	0.4626	0.3995	0.4418	0.44	0.4298	0.4286	0.4235	0.0206
accuracy	0.3514	0.3844	0.3619	0.3616	0.4241	0.3613	0.4058	0.3995	0.3673	0.391	0.3808	0.0226
f1	0.3533	0.3799	0.3641	0.3555	0.4335	0.3721	0.3951	0.4049	0.388	0.3878	0.3834	0.0231
precision	0.4831	0.6079	0.608	0.589	0.5428	0.5196	0.617	0.5345	0.5374	0.5394	0.5579	0.0425
recall	0.3514	0.3844	0.3619	0.3616	0.4241	0.3613	0.4058	0.3995	0.3673	0.391	0.3808	0.0226
entropy	0.2732	0.4501	0.4947	0.4806	0.1739	0.2584	0.4504	0.2228	0.2399	0.2693	0.3313	0.1161
mean list for latex table
'Nmi','purity','Ari','f1','precision','recall','entropy'
0.1885 &0.4235 &0.0799 &0.3834 &0.5579 &0.3808 &0.3313 &
