

H	0.351	0.3568	0.2874	0.3022	0.3565	0.3308	0.0298
C	0.35	0.3538	0.2828	0.2996	0.3535	0.3279	0.0305
V	0.3505	0.3553	0.2851	0.3009	0.355	0.3294	0.0302
Ari	0.3376	0.3498	0.2542	0.289	0.3491	0.3159	0.0381
Ami	0.3491	0.3539	0.2835	0.2994	0.3536	0.3279	0.0302
Nmi	0.3505	0.3553	0.2851	0.3009	0.355	0.3294	0.0302
purity	0.6011	0.6225	0.5657	0.599	0.6213	0.6019	0.0206
accuracy	0.5921	0.612	0.5092	0.5338	0.6114	0.5717	0.0423
f1	0.5942	0.6158	0.5154	0.5434	0.6153	0.5768	0.0405
precision	0.6201	0.6333	0.5368	0.5796	0.6328	0.6005	0.0374
recall	0.5921	0.612	0.5092	0.5338	0.6114	0.5717	0.0423
entropy	0.0384	0.022	0.0349	0.0687	0.0219	0.0372	0.0171
mean list for latex table
0.5717 &0.3294 &0.6019 &0.3159 &0.5768 &0.6005 &0.5717 &0.0372 &


H	0.351	0.3568	0.2874	0.3022	0.3565	0.3308	0.0298
C	0.35	0.3538	0.2828	0.2996	0.3535	0.3279	0.0305
V	0.3505	0.3553	0.2851	0.3009	0.355	0.3294	0.0302
Ari	0.3376	0.3498	0.2542	0.289	0.3491	0.3159	0.0381
Ami	0.3491	0.3539	0.2835	0.2994	0.3536	0.3279	0.0302
Nmi	0.3505	0.3553	0.2851	0.3009	0.355	0.3294	0.0302
purity	0.6011	0.6225	0.5657	0.599	0.6213	0.6019	0.0206
accuracy	0.5921	0.612	0.5092	0.5338	0.6114	0.5717	0.0423
f1	0.5942	0.6158	0.5154	0.5434	0.6153	0.5768	0.0405
precision	0.6201	0.6333	0.5368	0.5796	0.6328	0.6005	0.0374
recall	0.5921	0.612	0.5092	0.5338	0.6114	0.5717	0.0423
entropy	0.0384	0.022	0.0349	0.0687	0.0219	0.0372	0.0171
mean list for latex table
0.5717 &0.3294 &0.6019 &0.3159 &0.5768 &0.6005 &0.5717 &0.0372 &
