H	0.545	0.5441	0.5216	0.5326	0.5326	0.5331	0.5385	0.5317	0.545	0.5326	0.5233	0.5445	0.5317	0.5326	0.5322	0.5227	0.5063	0.5317	0.5326	0.5326	0.5326	0.5449	0.5326	0.5384	0.5108	0.5449	0.5449	0.5384	0.5449	0.5247	0.5335	0.0097
C	0.5253	0.5242	0.4986	0.5092	0.5092	0.5097	0.5188	0.5086	0.5253	0.5092	0.5008	0.5246	0.5084	0.5092	0.5088	0.5003	0.4826	0.5086	0.5092	0.5092	0.5092	0.525	0.5092	0.5185	0.4966	0.525	0.525	0.5186	0.525	0.5022	0.5118	0.0104
V	0.535	0.5339	0.5099	0.5206	0.5206	0.5211	0.5285	0.5199	0.535	0.5206	0.5118	0.5343	0.5198	0.5206	0.5203	0.5112	0.4942	0.5199	0.5206	0.5206	0.5206	0.5348	0.5206	0.5282	0.5036	0.5348	0.5348	0.5283	0.5348	0.5132	0.5224	0.01
Ari	0.4871	0.4845	0.4306	0.4525	0.4525	0.4526	0.4761	0.4543	0.4871	0.4525	0.4492	0.4854	0.4519	0.4525	0.4518	0.4486	0.4011	0.4543	0.4525	0.4525	0.4525	0.4862	0.4525	0.4759	0.4382	0.4862	0.4862	0.4758	0.4862	0.4498	0.4606	0.0201
Ami	0.5333	0.5322	0.5081	0.5189	0.5189	0.5194	0.5268	0.5182	0.5333	0.5189	0.5101	0.5327	0.5181	0.5189	0.5186	0.5095	0.4924	0.5182	0.5189	0.5189	0.5189	0.5331	0.5189	0.5266	0.5018	0.5331	0.5331	0.5266	0.5331	0.5115	0.5207	0.01
Nmi	0.535	0.5339	0.5099	0.5206	0.5206	0.5211	0.5285	0.5199	0.535	0.5206	0.5118	0.5343	0.5198	0.5206	0.5203	0.5112	0.4942	0.5199	0.5206	0.5206	0.5206	0.5348	0.5206	0.5282	0.5036	0.5348	0.5348	0.5283	0.5348	0.5132	0.5224	0.01
purity	0.7109	0.7094	0.664	0.685	0.685	0.685	0.7005	0.6872	0.7109	0.685	0.6821	0.7097	0.6846	0.685	0.6846	0.6821	0.6484	0.6872	0.685	0.685	0.685	0.7109	0.685	0.7001	0.6732	0.7109	0.7109	0.7001	0.7109	0.6832	0.6909	0.0151
accuracy	0.6835	0.6813	0.6004	0.6732	0.6732	0.6732	0.6787	0.6732	0.6835	0.6732	0.6725	0.6817	0.6721	0.6732	0.6728	0.6725	0.5631	0.6732	0.6732	0.6732	0.6732	0.6821	0.6732	0.6787	0.6252	0.6821	0.6821	0.6787	0.6821	0.6725	0.6684	0.0257
f1	0.7025	0.701	0.624	0.6897	0.6897	0.6898	0.6944	0.6891	0.7025	0.6897	0.6887	0.7014	0.6886	0.6897	0.6892	0.6884	0.59	0.6891	0.6897	0.6897	0.6897	0.7018	0.6897	0.6944	0.6379	0.7018	0.7018	0.6945	0.7018	0.6887	0.686	0.0243
precision	0.7498	0.7493	0.704	0.7486	0.7486	0.7488	0.7517	0.7472	0.7498	0.7486	0.7454	0.7494	0.7475	0.7486	0.7482	0.7448	0.6858	0.7472	0.7486	0.7486	0.7486	0.7501	0.7486	0.7516	0.6821	0.7501	0.7501	0.7517	0.7501	0.7454	0.743	0.0178
recall	0.6835	0.6813	0.6004	0.6732	0.6732	0.6732	0.6787	0.6732	0.6835	0.6732	0.6725	0.6817	0.6721	0.6732	0.6728	0.6725	0.5631	0.6732	0.6732	0.6732	0.6732	0.6821	0.6732	0.6787	0.6252	0.6821	0.6821	0.6787	0.6821	0.6725	0.6684	0.0257
entropy	0.0448	0.0458	0.0954	0.084	0.084	0.0842	0.0909	0.0838	0.0448	0.084	0.0824	0.0455	0.0844	0.084	0.0842	0.0822	0.1254	0.0838	0.084	0.084	0.084	0.0457	0.084	0.0904	0.0505	0.0457	0.0457	0.0906	0.0457	0.0824	0.0749	0.0204
mean list for latex table
0.6816 &0.5334 &0.7085 &0.4841 &0.7004 &0.7504 &0.6816 &0.0914 &


H	0.5053	0.5281	0.5097	0.5144	0.0099
C	0.4833	0.5079	0.4868	0.4927	0.0109
V	0.4941	0.5178	0.498	0.5033	0.0104
Ari	0.4137	0.4372	0.4312	0.4274	0.01
Ami	0.4923	0.516	0.4962	0.5015	0.0104
Nmi	0.4941	0.5178	0.498	0.5033	0.0104
purity	0.6584	0.6994	0.6761	0.678	0.0168
accuracy	0.6344	0.6366	0.6669	0.646	0.0148
f1	0.6493	0.6564	0.6804	0.662	0.0133
precision	0.709	0.7211	0.7369	0.7223	0.0114
recall	0.6344	0.6366	0.6669	0.646	0.0148
entropy	0.0935	0.0786	0.0842	0.0854	0.0061
mean list for latex table
0.646 &0.5033 &0.678 &0.4274 &0.662 &0.7223 &0.646 &0.0854 &


H	0.545	0.545	0.0
C	0.5253	0.5253	0.0
V	0.535	0.535	0.0
Ari	0.4871	0.4871	0.0
Ami	0.5333	0.5333	0.0
Nmi	0.535	0.535	0.0
purity	0.7109	0.7109	0.0
accuracy	0.6835	0.6835	0.0
f1	0.7025	0.7025	0.0
precision	0.7498	0.7498	0.0
recall	0.6835	0.6835	0.0
entropy	0.0448	0.0448	0.0
mean list for latex table
0.6835 &0.535 &0.7109 &0.4871 &0.7025 &0.7498 &0.6835 &0.0448 &


H	0.545	0.5441	0.5216	0.5326	0.5326	0.5352	0.0086
C	0.5253	0.5242	0.4986	0.5092	0.5092	0.5133	0.0101
V	0.535	0.5339	0.5099	0.5206	0.5206	0.524	0.0094
Ari	0.4871	0.4845	0.4306	0.4525	0.4525	0.4614	0.0215
Ami	0.5333	0.5322	0.5081	0.5189	0.5189	0.5223	0.0094
Nmi	0.535	0.5339	0.5099	0.5206	0.5206	0.524	0.0094
purity	0.7109	0.7094	0.664	0.685	0.685	0.6909	0.0175
accuracy	0.6835	0.6813	0.6004	0.6732	0.6732	0.6623	0.0312
f1	0.7025	0.701	0.624	0.6897	0.6897	0.6814	0.0292
precision	0.7498	0.7493	0.704	0.7486	0.7486	0.7401	0.018
recall	0.6835	0.6813	0.6004	0.6732	0.6732	0.6623	0.0312
entropy	0.0448	0.0458	0.0954	0.084	0.084	0.0708	0.0212
mean list for latex table
0.6623 &0.524 &0.6909 &0.4614 &0.6814 &0.7401 &0.6623 &0.0708 &


H	0.545	0.5441	0.5216	0.5326	0.5326	0.5352	0.0086
C	0.5253	0.5242	0.4986	0.5092	0.5092	0.5133	0.0101
V	0.535	0.5339	0.5099	0.5206	0.5206	0.524	0.0094
Ari	0.4871	0.4845	0.4306	0.4525	0.4525	0.4614	0.0215
Ami	0.5333	0.5322	0.5081	0.5189	0.5189	0.5223	0.0094
Nmi	0.535	0.5339	0.5099	0.5206	0.5206	0.524	0.0094
purity	0.7109	0.7094	0.664	0.685	0.685	0.6909	0.0175
accuracy	0.6835	0.6813	0.6004	0.6732	0.6732	0.6623	0.0312
f1	0.7025	0.701	0.624	0.6897	0.6897	0.6814	0.0292
precision	0.7498	0.7493	0.704	0.7486	0.7486	0.7401	0.018
recall	0.6835	0.6813	0.6004	0.6732	0.6732	0.6623	0.0312
entropy	0.0448	0.0458	0.0954	0.084	0.084	0.0708	0.0212
mean list for latex table
0.6623 &0.524 &0.6909 &0.4614 &0.6814 &0.7401 &0.6623 &0.0708 &


hidden1:64,hidden2:32,learning_rate:0.002,epochs:220,seed:20
H	0.5219	0.5219	0.0
C	0.5011	0.5011	0.0
V	0.5113	0.5113	0.0
Ari	0.4469	0.4469	0.0
Ami	0.4994	0.4994	0.0
Nmi	0.5114	0.5114	0.0
purity	0.6713	0.6713	0.0
accuracy	0.6385	0.6385	0.0
f1	0.6598	0.6598	0.0
precision	0.7097	0.7097	0.0
recall	0.6385	0.6385	0.0
entropy	0.0511	0.0511	0.0
mean list for latex table
'Nmi','purity','Ari','f1','precision','recall','entropy'
0.5114 &0.6713 &0.4469 &0.6598 &0.7097 &0.6385 &0.0511 &


hidden1:64,hidden2:32,learning_rate:0.002,epochs:220,seed:20
H	0.5219	0.5219	0.0
C	0.5011	0.5011	0.0
V	0.5113	0.5113	0.0
Ari	0.4469	0.4469	0.0
Ami	0.4994	0.4994	0.0
Nmi	0.5114	0.5114	0.0
purity	0.6713	0.6713	0.0
accuracy	0.6385	0.6385	0.0
f1	0.6598	0.6598	0.0
precision	0.7097	0.7097	0.0
recall	0.6385	0.6385	0.0
entropy	0.0511	0.0511	0.0
mean list for latex table
'Nmi','purity','Ari','f1','precision','recall','entropy'
0.5114 &0.6713 &0.4469 &0.6598 &0.7097 &0.6385 &0.0511 &


hidden1:64,hidden2:32,learning_rate:0.002,epochs:220,seed:20
H	0.5219	0.5219	0.0
C	0.5011	0.5011	0.0
V	0.5113	0.5113	0.0
Ari	0.4469	0.4469	0.0
Ami	0.4994	0.4994	0.0
Nmi	0.5114	0.5114	0.0
purity	0.6713	0.6713	0.0
accuracy	0.6385	0.6385	0.0
f1	0.6598	0.6598	0.0
precision	0.7097	0.7097	0.0
recall	0.6385	0.6385	0.0
entropy	0.0511	0.0511	0.0
time	18.6013	18.6013	0.0
mean list for latex table
'Nmi','purity','Ari','f1','precision','recall','entropy'
0.5114 &0.6713 &0.4469 &0.6598 &0.7097 &0.6385 &0.0511 &


hidden1:64,hidden2:16,learning_rate:0.002,epochs:220,seed:20
H	0.5154	0.5154	0.0
C	0.4937	0.4937	0.0
V	0.5043	0.5043	0.0
Ari	0.4329	0.4329	0.0
Ami	0.4919	0.4919	0.0
Nmi	0.5044	0.5044	0.0
purity	0.6721	0.6721	0.0
accuracy	0.6555	0.6555	0.0
f1	0.6768	0.6768	0.0
precision	0.7451	0.7451	0.0
recall	0.6555	0.6555	0.0
entropy	0.0961	0.0961	0.0
time	18.1859	18.1859	0.0
mean list for latex table
'Nmi','purity','Ari','f1','precision','recall','entropy'
0.5044 &0.6721 &0.4329 &0.6768 &0.7451 &0.6555 &0.0961 &


hidden1:64,hidden2:128,learning_rate:0.002,epochs:220,seed:20
H	0.4719	0.4719	0.0
C	0.4565	0.4565	0.0
V	0.4641	0.4641	0.0
Ari	0.4069	0.4069	0.0
Ami	0.4546	0.4546	0.0
Nmi	0.4642	0.4642	0.0
purity	0.6462	0.6462	0.0
accuracy	0.6418	0.6418	0.0
f1	0.649	0.649	0.0
precision	0.711	0.711	0.0
recall	0.6418	0.6418	0.0
entropy	0.1038	0.1038	0.0
time	20.2356	20.2356	0.0
mean list for latex table
'Nmi','purity','Ari','f1','precision','recall','entropy'
0.4642 &0.6462 &0.4069 &0.649 &0.711 &0.6418 &0.1038 &


hidden1:64,hidden2:256,learning_rate:0.002,epochs:220,seed:20
H	0.3614	0.3614	0.0
C	0.404	0.404	0.0
V	0.3815	0.3815	0.0
Ari	0.2807	0.2807	0.0
Ami	0.3594	0.3594	0.0
Nmi	0.3821	0.3821	0.0
purity	0.5281	0.5281	0.0
accuracy	0.5007	0.5007	0.0
f1	0.1673	0.1673	0.0
precision	0.1974	0.1974	0.0
recall	0.1477	0.1477	0.0
entropy	inf	inf	nan
time	21.0269	21.0269	0.0
mean list for latex table
'Nmi','purity','Ari','f1','precision','recall','entropy'
0.3821 &0.5281 &0.2807 &0.1673 &0.1974 &0.1477 &inf &


hidden1:64,hidden2:512,learning_rate:0.002,epochs:220,seed:20
H	0.3368	0.3368	0.0
C	0.4353	0.4353	0.0
V	0.3798	0.3798	0.0
Ari	0.3248	0.3248	0.0
Ami	0.3347	0.3347	0.0
Nmi	0.3829	0.3829	0.0
purity	0.5443	0.5443	0.0
accuracy	0.5377	0.5377	0.0
f1	0.1243	0.1243	0.0
precision	0.3163	0.3163	0.0
recall	0.1898	0.1898	0.0
entropy	inf	inf	nan
time	23.3127	23.3127	0.0
mean list for latex table
'Nmi','purity','Ari','f1','precision','recall','entropy'
0.3829 &0.5443 &0.3248 &0.1243 &0.3163 &0.1898 &inf &


hidden1:64,hidden2:8,learning_rate:0.002,epochs:220,seed:20
H	0.4773	0.4773	0.0
C	0.4529	0.4529	0.0
V	0.4648	0.4648	0.0
Ari	0.3983	0.3983	0.0
Ami	0.451	0.451	0.0
Nmi	0.4649	0.4649	0.0
purity	0.6359	0.6359	0.0
accuracy	0.61	0.61	0.0
f1	0.1711	0.1711	0.0
precision	0.1749	0.1749	0.0
recall	0.1809	0.1809	0.0
entropy	0.1169	0.1169	0.0
time	19.2063	19.2063	0.0
mean list for latex table
'Nmi','purity','Ari','f1','precision','recall','entropy'
0.4649 &0.6359 &0.3983 &0.1711 &0.1749 &0.1809 &0.1169 &


hidden1:64,hidden2:64,learning_rate:0.002,epochs:220,seed:20
H	0.522	0.522	0.0
C	0.5256	0.5256	0.0
V	0.5238	0.5238	0.0
Ari	0.4612	0.4612	0.0
Ami	0.5203	0.5203	0.0
Nmi	0.5238	0.5238	0.0
purity	0.6802	0.6802	0.0
accuracy	0.6525	0.6525	0.0
f1	0.0533	0.0533	0.0
precision	0.2139	0.2139	0.0
recall	0.0391	0.0391	0.0
entropy	0.5479	0.5479	0.0
time	19.5731	19.5731	0.0
mean list for latex table
'Nmi','purity','Ari','f1','precision','recall','entropy'
0.5238 &0.6802 &0.4612 &0.0533 &0.2139 &0.0391 &0.5479 &


hidden1:64,hidden2:32,learning_rate:0.002,epochs:220,seed:20,beta:1, omega:1 
H	0.5273	0.5269	0.5274	0.5211	0.5217	0.522	0.5215	0.5217	0.5231	0.5201	0.5233	0.0027
C	0.5146	0.5143	0.5148	0.5048	0.5054	0.5057	0.5056	0.5054	0.507	0.5019	0.5079	0.0045
V	0.5208	0.5205	0.521	0.5128	0.5134	0.5138	0.5134	0.5134	0.515	0.5108	0.5155	0.0036
Ari	0.4377	0.4382	0.4379	0.4204	0.4209	0.4217	0.4213	0.4209	0.4241	0.423	0.4266	0.0075
Ami	0.5191	0.5188	0.5193	0.5111	0.5117	0.512	0.5117	0.5117	0.5132	0.5091	0.5138	0.0036
Nmi	0.5208	0.5205	0.521	0.5128	0.5134	0.5138	0.5134	0.5134	0.515	0.5108	0.5155	0.0036
purity	0.7057	0.7049	0.7061	0.6795	0.6798	0.6802	0.6821	0.6798	0.6835	0.6773	0.6879	0.0117
accuracy	0.6758	0.6758	0.6761	0.6555	0.6558	0.6562	0.6566	0.6558	0.6577	0.6529	0.6618	0.0093
f1	0.6927	0.6929	0.6929	0.6751	0.6755	0.6758	0.6751	0.6755	0.6763	0.674	0.6806	0.008
precision	0.7587	0.7586	0.7589	0.7419	0.7421	0.7422	0.7405	0.7421	0.7414	0.7401	0.7466	0.0079
recall	0.6758	0.6758	0.6761	0.6555	0.6558	0.6562	0.6566	0.6558	0.6577	0.6529	0.6618	0.0093
entropy	0.0768	0.0762	0.0769	0.0747	0.0746	0.0742	0.0739	0.0746	0.0731	0.0719	0.0747	0.0015
time	12.7736	12.6659	13.0074	12.7472	12.6399	12.6835	12.9628	12.7899	12.9285	12.9848	12.8184	0.1333
mean list for latex table
'Nmi','purity','Ari','f1','precision','recall','entropy'
0.5155 &0.6879 &0.4266 &0.6806 &0.7466 &0.6618 &0.0747 &


hidden1:64,hidden2:32,learning_rate:0.002,epochs:220,seed:20,beta:1, omega:1 
H	0.5217	0.4742	0.5229	0.5211	0.5089	0.5087	0.5089	0.5391	0.5263	0.5179	0.515	0.0162
C	0.5035	0.4706	0.5089	0.5048	0.4916	0.4913	0.4916	0.5196	0.5133	0.5005	0.4996	0.0132
V	0.5125	0.4724	0.5158	0.5128	0.5001	0.4998	0.5001	0.5292	0.5197	0.5091	0.5072	0.0146
Ari	0.4236	0.3759	0.4399	0.4204	0.4174	0.4171	0.4174	0.4498	0.4375	0.4188	0.4218	0.0188
Ami	0.5107	0.4705	0.5141	0.5111	0.4983	0.498	0.4983	0.5275	0.518	0.5073	0.5054	0.0147
Nmi	0.5125	0.4724	0.5158	0.5128	0.5001	0.4998	0.5001	0.5292	0.5197	0.5091	0.5072	0.0146
purity	0.678	0.6665	0.6798	0.6795	0.6725	0.6717	0.6725	0.688	0.7038	0.6754	0.6788	0.01
accuracy	0.654	0.6171	0.6403	0.6555	0.6514	0.6514	0.6514	0.6725	0.6747	0.6514	0.652	0.0152
f1	0.6751	0.6281	0.656	0.6751	0.6716	0.6716	0.6716	0.6924	0.6921	0.6722	0.6706	0.0173
precision	0.7416	0.6853	0.7272	0.7419	0.7471	0.747	0.7471	0.7641	0.7581	0.7392	0.7399	0.0205
recall	0.654	0.6171	0.6403	0.6555	0.6514	0.6514	0.6514	0.6725	0.6747	0.6514	0.652	0.0152
entropy	0.0723	0.0785	0.0973	0.0747	0.1226	0.1221	0.1226	0.1117	0.0761	0.0739	0.0952	0.0213
time	12.8258	12.6678	13.0178	12.7713	12.8496	12.7929	12.7206	12.8104	13.0872	13.0287	12.8572	0.1332
mean list for latex table
'Nmi','purity','Ari','f1','precision','recall','entropy'
0.5072 &0.6788 &0.4218 &0.6706 &0.7399 &0.652 &0.0952 &


hidden1:64,hidden2:32,learning_rate:0.002,epochs:220,seed:20,beta:1, omega:1 
H	0.5217	0.4742	0.5229	0.5211	0.5089	0.5087	0.5089	0.5391	0.5263	0.5179	0.515	0.0162
C	0.5035	0.4706	0.5089	0.5048	0.4916	0.4913	0.4916	0.5196	0.5133	0.5005	0.4996	0.0132
V	0.5125	0.4724	0.5158	0.5128	0.5001	0.4998	0.5001	0.5292	0.5197	0.5091	0.5072	0.0146
Ari	0.4236	0.3759	0.4399	0.4204	0.4174	0.4171	0.4174	0.4498	0.4375	0.4188	0.4218	0.0188
Ami	0.5107	0.4705	0.5141	0.5111	0.4983	0.498	0.4983	0.5275	0.518	0.5073	0.5054	0.0147
Nmi	0.5125	0.4724	0.5158	0.5128	0.5001	0.4998	0.5001	0.5292	0.5197	0.5091	0.5072	0.0146
purity	0.678	0.6665	0.6798	0.6795	0.6725	0.6717	0.6725	0.688	0.7038	0.6754	0.6788	0.01
accuracy	0.654	0.6171	0.6403	0.6555	0.6514	0.6514	0.6514	0.6725	0.6747	0.6514	0.652	0.0152
f1	0.6751	0.6281	0.656	0.6751	0.6716	0.6716	0.6716	0.6924	0.6921	0.6722	0.6706	0.0173
precision	0.7416	0.6853	0.7272	0.7419	0.7471	0.747	0.7471	0.7641	0.7581	0.7392	0.7399	0.0205
recall	0.654	0.6171	0.6403	0.6555	0.6514	0.6514	0.6514	0.6725	0.6747	0.6514	0.652	0.0152
entropy	0.0723	0.0785	0.0973	0.0747	0.1226	0.1221	0.1226	0.1117	0.0761	0.0739	0.0952	0.0213
time	13.2169	12.9782	12.6658	12.8159	12.4465	11.7519	12.7733	12.7821	12.97	12.7472	12.7148	0.3752
mean list for latex table
'Nmi','purity','Ari','f1','precision','recall','entropy'
0.5072 &0.6788 &0.4218 &0.6706 &0.7399 &0.652 &0.0952 &
