

hidden1:64,hidden2:32,learning_rate:0.002,epochs:300,seed:20
H	0.2485	0.2583	0.253	0.2619	0.2499	0.2433	0.2498	0.2509	0.2485	0.2567	0.2521	0.0052
C	0.2678	0.2757	0.2752	0.283	0.268	0.2616	0.266	0.2674	0.2627	0.2732	0.2701	0.0063
V	0.2578	0.2667	0.2637	0.272	0.2586	0.2521	0.2577	0.2589	0.2554	0.2647	0.2608	0.0056
Ari	0.1665	0.1817	0.1656	0.1879	0.1687	0.1608	0.1701	0.1723	0.1731	0.1742	0.1721	0.0075
Ami	0.2475	0.2573	0.252	0.2609	0.2489	0.2423	0.2488	0.2499	0.2475	0.2557	0.2511	0.0052
Nmi	0.258	0.2668	0.2639	0.2722	0.2588	0.2523	0.2578	0.259	0.2555	0.2649	0.2609	0.0056
purity	0.4696	0.4582	0.4692	0.4963	0.4507	0.449	0.4548	0.4532	0.4629	0.4586	0.4622	0.0132
accuracy	0.4234	0.4147	0.4286	0.453	0.4167	0.4238	0.4332	0.4363	0.4255	0.4336	0.4289	0.0105
f1	0.4066	0.4172	0.4098	0.4224	0.4213	0.4345	0.4428	0.4422	0.4366	0.4446	0.4278	0.0134
precision	0.4292	0.4866	0.4329	0.4379	0.5003	0.5166	0.5158	0.5112	0.5001	0.5151	0.4846	0.0347
recall	0.4234	0.4147	0.4286	0.453	0.4167	0.4238	0.4332	0.4363	0.4255	0.4336	0.4289	0.0105
entropy	0.1312	0.1263	0.1524	0.1462	0.1366	0.1386	0.1213	0.1217	0.1055	0.1174	0.1297	0.0134
mean list for latex table
'Nmi','purity','Ari','f1','precision','recall','entropy'
0.2609 &0.4622 &0.1721 &0.4278 &0.4846 &0.4289 &0.1297 &
