

H	0.494	0.494	0.0
C	0.4797	0.4797	0.0
V	0.4868	0.4868	0.0
Ari	0.4086	0.4086	0.0
Ami	0.4849	0.4849	0.0
Nmi	0.4868	0.4868	0.0
purity	0.6669	0.6669	0.0
accuracy	0.6558	0.6558	0.0
f1	0.6839	0.6839	0.0
precision	0.7542	0.7542	0.0
recall	0.6558	0.6558	0.0
entropy	0.0846	0.0846	0.0


H	0.4692	0.4692	0.0
C	0.4488	0.4488	0.0
V	0.4588	0.4588	0.0
Ari	0.3772	0.3772	0.0
Ami	0.4568	0.4568	0.0
Nmi	0.4588	0.4588	0.0
purity	0.6617	0.6617	0.0
accuracy	0.6189	0.6189	0.0
f1	0.643	0.643	0.0
precision	0.7132	0.7132	0.0
recall	0.6189	0.6189	0.0
entropy	0.0855	0.0855	0.0


H	0.4602	0.4814	0.463	0.4595	0.4667	0.5224	0.4951	0.4866	0.5106	0.4592	0.0	0.0
C	0.4472	0.4727	0.4515	0.4449	0.4554	0.5263	0.4753	0.4748	0.5018	0.453	0.0	0.0
V	0.4536	0.477	0.4572	0.4521	0.461	0.5243	0.485	0.4806	0.5062	0.4561	0.0	0.0
Ari	0.3533	0.3861	0.3445	0.3511	0.3766	0.4791	0.4105	0.3854	0.4407	0.3805	0.0	0.0
Ami	0.4516	0.4751	0.4552	0.4501	0.459	0.5226	0.4831	0.4787	0.5044	0.4541	0.0	0.0
Nmi	0.4536	0.477	0.4572	0.4521	0.461	0.5243	0.485	0.4806	0.5062	0.4561	0.0	0.0
purity	0.654	0.6595	0.6551	0.6562	0.6536	0.7205	0.6913	0.6569	0.6965	0.6629	1.0	0.0
accuracy	0.5835	0.6595	0.596	0.6097	0.6278	0.7205	0.6503	0.6569	0.6939	0.6521	1.0	0.0
f1	0.6177	0.6701	0.626	0.6364	0.6558	0.7304	0.6726	0.6657	0.7015	0.6633	1.0	0.0
precision	0.7089	0.7385	0.7261	0.7261	0.7298	0.7629	0.7371	0.7337	0.7498	0.7339	1.0	0.0
recall	0.5835	0.6595	0.596	0.6097	0.6278	0.7205	0.6503	0.6569	0.6939	0.6521	1.0	0.0
entropy	0.1198	0.1012	0.1387	0.1212	0.0935	0.0452	0.0795	0.1012	0.0739	0.106	0.0	0.0
mean list for latex table
0.645 &0.4753 &0.6706 &0.3908 &0.664 &0.7347 &0.645 &0.098 &


H	0.4803	0.4949	0.4558	0.4807	0.4722	0.4468	0.4602	0.4749	0.4652	0.4507	0.4682	0.0144
C	0.4666	0.4757	0.4547	0.4727	0.4583	0.4302	0.4427	0.4584	0.444	0.4364	0.454	0.0146
V	0.4734	0.4851	0.4553	0.4767	0.4651	0.4384	0.4513	0.4665	0.4543	0.4434	0.461	0.0142
Ari	0.4227	0.4494	0.3306	0.3715	0.3611	0.3356	0.3542	0.3767	0.3516	0.3392	0.3693	0.0367
Ami	0.4715	0.4832	0.4533	0.4748	0.4632	0.4363	0.4493	0.4646	0.4524	0.4414	0.459	0.0143
Nmi	0.4734	0.4851	0.4553	0.4767	0.4651	0.4384	0.4513	0.4665	0.4543	0.4434	0.461	0.0142
purity	0.6798	0.6909	0.6562	0.6592	0.6621	0.6388	0.6252	0.6488	0.6315	0.6433	0.6536	0.0196
accuracy	0.6721	0.6795	0.5846	0.6326	0.6163	0.5587	0.6008	0.6448	0.5727	0.613	0.6175	0.0383
f1	0.6875	0.6977	0.6172	0.6647	0.6454	0.5948	0.6276	0.6688	0.5925	0.6372	0.6433	0.0345
precision	0.7285	0.74	0.7287	0.7561	0.7355	0.6781	0.7054	0.7339	0.6692	0.7244	0.72	0.0262
recall	0.6721	0.6795	0.5846	0.6326	0.6163	0.5587	0.6008	0.6448	0.5727	0.613	0.6175	0.0383
entropy	0.0553	0.0482	0.1637	0.1162	0.1184	0.1153	0.0944	0.0801	0.1025	0.1167	0.1011	0.0321
mean list for latex table
0.6175 &0.461 &0.6536 &0.3693 &0.6433 &0.72 &0.6175 &0.1011 &


H	0.4518	0.4518	0.0
C	0.4362	0.4362	0.0
V	0.4439	0.4439	0.0
Ari	0.3637	0.3637	0.0
Ami	0.4419	0.4419	0.0
Nmi	0.4439	0.4439	0.0
purity	0.6374	0.6374	0.0
accuracy	0.6185	0.6185	0.0
f1	0.647	0.647	0.0
precision	0.7173	0.7173	0.0
recall	0.6185	0.6185	0.0
entropy	0.0794	0.0794	0.0
mean list for latex table
0.6185 &0.4439 &0.6374 &0.3637 &0.647 &0.7173 &0.6185 &0.0794 &


hidden1:64,hidden2:32,learning_rate:0.002,epochs:300,seed:20
H	0.4641	0.4641	0.0
C	0.4428	0.4428	0.0
V	0.4532	0.4532	0.0
Ari	0.373	0.373	0.0
Ami	0.4409	0.4409	0.0
Nmi	0.4533	0.4533	0.0
purity	0.6244	0.6244	0.0
accuracy	0.613	0.613	0.0
f1	0.6321	0.6321	0.0
precision	0.6883	0.6883	0.0
recall	0.613	0.613	0.0
entropy	0.0718	0.0718	0.0
time	15.4541	15.4541	0.0
mean list for latex table
'Nmi','purity','Ari','f1','precision','recall','entropy'
0.4533 &0.6244 &0.373 &0.6321 &0.6883 &0.613 &0.0718 &






hidden1:64,hidden2:32,learning_rate:0.002,epochs:300,seed:20
H	0.4844	0.4844	0.0
C	0.4766	0.4766	0.0
V	0.4805	0.4805	0.0
Ari	0.4147	0.4147	0.0
Ami	0.4786	0.4786	0.0
Nmi	0.4805	0.4805	0.0
purity	0.6791	0.6791	0.0
accuracy	0.6758	0.6758	0.0
f1	0.6893	0.6893	0.0
precision	0.7506	0.7506	0.0
recall	0.6758	0.6758	0.0
entropy	0.0864	0.0864	0.0
time	8.2613	8.2613	0.0
mean list for latex table
'Nmi','purity','Ari','f1','precision','recall','entropy'
0.4805 &0.6791 &0.4147 &0.6893 &0.7506 &0.6758 &0.0864 &


hidden1:64,hidden2:32,learning_rate:0.002,epochs:300,seed:20
H	0.4698	0.4263	0.4811	0.4808	0.4821	0.468	0.0213
C	0.4479	0.4194	0.474	0.4713	0.463	0.4551	0.02
V	0.4586	0.4228	0.4775	0.476	0.4724	0.4615	0.0205
Ari	0.3775	0.2798	0.3914	0.3897	0.4124	0.3702	0.0466
Ami	0.4567	0.4208	0.4756	0.4741	0.4705	0.4595	0.0205
Nmi	0.4586	0.4228	0.4775	0.476	0.4724	0.4615	0.0205
purity	0.6477	0.572	0.664	0.6636	0.6643	0.6423	0.0357
accuracy	0.6385	0.5447	0.664	0.6577	0.6621	0.6334	0.0453
f1	0.6512	0.571	0.6745	0.6682	0.6805	0.6491	0.0402
precision	0.7112	0.6775	0.7465	0.7467	0.7335	0.7231	0.0262
recall	0.6385	0.5447	0.664	0.6577	0.6621	0.6334	0.0453
entropy	0.0869	0.162	0.108	0.1136	0.0629	0.1067	0.0329
time	7.8498	7.6951	8.0919	7.7115	7.5778	7.7852	0.176
mean list for latex table
'Nmi','purity','Ari','f1','precision','recall','entropy'
0.4615 &0.6423 &0.3702 &0.6491 &0.7231 &0.6334 &0.1067 &


hidden1:64,hidden2:32,learning_rate:0.002,epochs:300,seed:20
H	0.5015	0.5	0.4956	0.4849	0.5003	0.4965	0.0061
C	0.4961	0.492	0.4779	0.4683	0.4991	0.4867	0.0117
V	0.4988	0.496	0.4866	0.4765	0.4997	0.4915	0.0088
Ari	0.4446	0.4339	0.415	0.4002	0.4218	0.4231	0.0153
Ami	0.497	0.4942	0.4848	0.4746	0.4979	0.4897	0.0089
Nmi	0.4988	0.496	0.4866	0.4765	0.4997	0.4915	0.0088
purity	0.7013	0.6891	0.6787	0.6577	0.6835	0.6821	0.0143
accuracy	0.7013	0.6891	0.6643	0.6551	0.6795	0.6779	0.0166
f1	0.712	0.7035	0.6816	0.6768	0.6955	0.6939	0.0132
precision	0.7647	0.7635	0.7346	0.7371	0.7776	0.7555	0.0168
recall	0.7013	0.6891	0.6643	0.6551	0.6795	0.6779	0.0166
entropy	0.0719	0.0798	0.0664	0.0749	0.1154	0.0817	0.0174
time	8.158	8.3207	8.2961	8.2249	8.3036	8.2607	0.0609
mean list for latex table
'Nmi','purity','Ari','f1','precision','recall','entropy'
0.4915 &0.6821 &0.4231 &0.6939 &0.7555 &0.6779 &0.0817 &
