

hidden1:32,hidden2:16,learning_rate:0.002,epochs:300,seed:20
H	0.0063	0.0157	0.007	0.0062	0.0123	0.0159	0.0086	0.0074	0.0122	0.0162	0.0108	0.0039
C	0.305	0.1835	0.2301	0.2765	0.2156	0.1691	0.2038	0.1919	0.2134	0.2733	0.2262	0.0424
V	0.0124	0.0289	0.0137	0.0122	0.0232	0.0291	0.0166	0.0142	0.0231	0.0305	0.0204	0.007
Ari	0.0001	0.0006	0.0	-0.0001	0.0003	0.0007	0.0002	0.0003	0.0004	0.0003	0.0003	0.0002
Ami	0.0049	0.0138	0.0054	0.0044	0.0104	0.014	0.0069	0.0059	0.0106	0.0145	0.0091	0.0038
Nmi	0.044	0.0537	0.0402	0.0415	0.0515	0.0519	0.0419	0.0377	0.051	0.0664	0.048	0.0082
purity	0.1236	0.1335	0.1237	0.1217	0.1312	0.132	0.1265	0.1265	0.1298	0.134	0.1282	0.0042
accuracy	0.123	0.131	0.1233	0.1188	0.1304	0.1291	0.1246	0.1259	0.1284	0.1328	0.1267	0.0041
f1	0.036	0.0519	0.038	0.0308	0.0508	0.052	0.04	0.0419	0.0474	0.0553	0.0444	0.0078
precision	0.5638	0.3449	0.5881	0.3573	0.5931	0.376	0.3448	0.5215	0.4109	0.5163	0.4617	0.0992
recall	0.123	0.131	0.1233	0.1188	0.1304	0.1291	0.1246	0.1259	0.1284	0.1328	0.1267	0.0041
entropy	4.9153	3.662	4.4429	4.4605	3.8728	3.6793	4.3119	4.7523	4.1873	4.1335	4.2418	0.4014
mean list for latex table
'Nmi','purity','Ari','f1','precision','recall','entropy'
0.048 &0.1282 &0.0003 &0.0444 &0.4617 &0.1267 &4.2418 &
