

hidden1:32,hidden2:16,learning_rate:0.002,epochs:300,seed:20
H	0.2263	0.2263	0.0
C	0.2611	0.2611	0.0
V	0.2425	0.2425	0.0
Ari	0.1869	0.1869	0.0
Ami	0.2246	0.2246	0.0
Nmi	0.2431	0.2431	0.0
purity	0.4827	0.4827	0.0
accuracy	0.4677	0.4677	0.0
f1	0.4519	0.4519	0.0
precision	0.4962	0.4962	0.0
recall	0.4677	0.4677	0.0
entropy	0.3262	0.3262	0.0
mean list for latex table
'Nmi','purity','Ari','f1','precision','recall','entropy'
0.2431 &0.4827 &0.1869 &0.4519 &0.4962 &0.4677 &0.3262 &


hidden1:32,hidden2:16,learning_rate:0.002,epochs:300,seed:20
H	0.256	0.1035	0.1902	0.153	0.2256	0.0021	0.0029	0.2376	0.1034	0.2789	0.1553	0.0951
C	0.296	0.1442	0.2517	0.2046	0.243	0.1746	0.1841	0.3268	0.1465	0.2914	0.2263	0.0618
V	0.2746	0.1205	0.2167	0.1751	0.234	0.0041	0.0056	0.2751	0.1212	0.285	0.1712	0.1004
Ari	0.2015	0.0894	0.1713	0.1426	0.1721	-0.0001	-0.0001	0.1911	0.0856	0.2339	0.1287	0.0779
Ami	0.2544	0.1015	0.1884	0.1511	0.224	0.0002	0.0008	0.2359	0.1013	0.2773	0.1535	0.0953
Nmi	0.2753	0.1222	0.2188	0.1769	0.2342	0.019	0.023	0.2786	0.1231	0.2851	0.1756	0.0955
purity	0.5332	0.3721	0.4199	0.4163	0.4827	0.2125	0.2137	0.4989	0.3303	0.5561	0.4036	0.1161
accuracy	0.5302	0.3565	0.4115	0.4127	0.4602	0.2116	0.2128	0.495	0.3228	0.5353	0.3949	0.1124
f1	0.5232	0.3069	0.3512	0.3662	0.4668	0.0758	0.0777	0.4516	0.2779	0.5465	0.3444	0.1578
precision	0.5741	0.3529	0.3193	0.4209	0.5345	0.5013	0.5427	0.5389	0.2833	0.6195	0.4687	0.1105
recall	0.5302	0.3565	0.4115	0.4127	0.4602	0.2116	0.2128	0.495	0.3228	0.5353	0.3949	0.1124
entropy	0.3189	0.8688	1.266	1.0271	0.1448	4.3299	4.0539	1.0065	0.777	0.1181	1.3911	1.449
mean list for latex table
'Nmi','purity','Ari','f1','precision','recall','entropy'
0.1756 &0.4036 &0.1287 &0.3444 &0.4687 &0.3949 &1.3911 &
