

hidden1:32,hidden2:16,learning_rate:0.002,epochs:300,seed:20
H	0.1171	0.1171	0.0
C	0.226	0.226	0.0
V	0.1542	0.1542	0.0
Ari	0.078	0.078	0.0
Ami	0.116	0.116	0.0
Nmi	0.1626	0.1626	0.0
purity	0.3439	0.3439	0.0
accuracy	0.3433	0.3433	0.0
f1	0.2475	0.2475	0.0
precision	0.4238	0.4238	0.0
recall	0.3433	0.3433	0.0
entropy	2.9581	2.9581	0.0
mean list for latex table
'Nmi','purity','Ari','f1','precision','recall','entropy'
0.1626 &0.3439 &0.078 &0.2475 &0.4238 &0.3433 &2.9581 &


hidden1:32,hidden2:16,learning_rate:0.002,epochs:300,seed:20
H	0.1035	0.1268	0.1573	0.1068	0.1044	0.0754	0.0828	0.0817	0.0739	0.1876	0.11	0.0356
C	0.2035	0.2381	0.2851	0.2106	0.2016	0.3928	0.365	0.4119	0.3685	0.2413	0.2918	0.0799
V	0.1372	0.1655	0.2027	0.1417	0.1376	0.1265	0.135	0.1364	0.123	0.2111	0.1517	0.0297
Ari	0.0712	0.0789	0.0988	0.0707	0.0697	0.0247	0.0305	0.0291	0.0236	0.1046	0.0602	0.0293
Ami	0.1024	0.1255	0.1562	0.1056	0.1032	0.0742	0.0816	0.0803	0.0726	0.1865	0.1088	0.0356
Nmi	0.1451	0.1738	0.2118	0.15	0.1451	0.1721	0.1739	0.1835	0.165	0.2128	0.1733	0.0231
purity	0.3278	0.3466	0.3686	0.3287	0.3278	0.2519	0.261	0.2573	0.2535	0.3724	0.3096	0.0463
accuracy	0.3264	0.3449	0.3639	0.3276	0.3276	0.2517	0.2604	0.2556	0.2506	0.3331	0.3042	0.0419
f1	0.229	0.2534	0.2728	0.2311	0.2352	0.1654	0.1758	0.1678	0.1639	0.2999	0.2194	0.0464
precision	0.4144	0.4032	0.46	0.3311	0.5836	0.5997	0.5289	0.4176	0.5181	0.3332	0.459	0.0909
recall	0.3264	0.3449	0.3639	0.3276	0.3276	0.2517	0.2604	0.2556	0.2506	0.3331	0.3042	0.0419
entropy	2.8192	1.9389	2.06	2.6197	2.1803	3.685	2.8835	3.1916	3.2583	0.7359	2.5372	0.8019
mean list for latex table
'Nmi','purity','Ari','f1','precision','recall','entropy'
0.1733 &0.3096 &0.0602 &0.2194 &0.459 &0.3042 &2.5372 &
