

hidden1:32,hidden2:16,learning_rate:0.002,epochs:300,seed:20
H	0.0135	0.0292	0.0066	0.0116	0.007	0.0087	0.0127	0.0149	0.014	0.0137	0.0132	0.006
C	0.2419	0.3611	0.1915	0.2289	0.2038	0.199	0.238	0.193	0.2473	0.246	0.2351	0.0471
V	0.0256	0.054	0.0127	0.0221	0.0134	0.0167	0.024	0.0277	0.0266	0.026	0.0249	0.011
Ari	0.0003	0.0017	0.0001	0.0004	0.0	0.0004	0.0005	0.001	0.0007	0.0004	0.0006	0.0005
Ami	0.0115	0.0275	0.005	0.0098	0.0051	0.007	0.0109	0.0132	0.0122	0.012	0.0114	0.0061
Nmi	0.0571	0.1027	0.0355	0.0515	0.0376	0.0417	0.0549	0.0537	0.0589	0.0581	0.0552	0.0178
purity	0.131	0.1453	0.1246	0.1302	0.123	0.1279	0.1314	0.135	0.1324	0.1324	0.1313	0.0058
accuracy	0.1291	0.145	0.1234	0.1282	0.1215	0.1269	0.1287	0.1304	0.1292	0.1311	0.1294	0.0059
f1	0.0497	0.0761	0.0376	0.0463	0.0354	0.0436	0.0472	0.0483	0.0479	0.0519	0.0484	0.0105
precision	0.4803	0.6051	0.5161	0.4135	0.3174	0.5223	0.5308	0.297	0.3647	0.4115	0.4459	0.0959
recall	0.1291	0.145	0.1234	0.1282	0.1215	0.1269	0.1287	0.1304	0.1292	0.1311	0.1294	0.0059
entropy	3.8763	3.8251	4.6202	4.1316	4.1472	4.379	4.2014	4.0295	3.9803	4.1049	4.1296	0.2232
mean list for latex table
'Nmi','purity','Ari','f1','precision','recall','entropy'
0.0552 &0.1313 &0.0006 &0.0484 &0.4459 &0.1294 &4.1296 &
