

hidden1:32,hidden2:16,learning_rate:0.002,epochs:300,seed:20
H	0.1416	0.1416	0.0
C	0.1486	0.1486	0.0
V	0.145	0.145	0.0
Ari	0.1174	0.1174	0.0
Ami	0.1398	0.1398	0.0
Nmi	0.1451	0.1451	0.0
purity	0.3802	0.3802	0.0
accuracy	0.3628	0.3628	0.0
f1	0.3597	0.3597	0.0
precision	0.395	0.395	0.0
recall	0.3628	0.3628	0.0
entropy	0.08	0.08	0.0
mean list for latex table
'Nmi','purity','Ari','f1','precision','recall','entropy'
0.1451 &0.3802 &0.1174 &0.3597 &0.395 &0.3628 &0.08 &


hidden1:32,hidden2:16,learning_rate:0.002,epochs:300,seed:20
H	0.2138	0.2326	0.212	0.2169	0.1371	0.2492	0.2743	0.1942	0.2071	0.2311	0.2168	0.0343
C	0.2166	0.2344	0.2227	0.228	0.1455	0.2551	0.2857	0.2057	0.2217	0.2475	0.2263	0.0346
V	0.2152	0.2335	0.2172	0.2223	0.1412	0.2521	0.2799	0.1998	0.2141	0.239	0.2214	0.0344
Ari	0.1831	0.2136	0.1612	0.1686	0.1117	0.2211	0.2186	0.1418	0.1522	0.1857	0.1758	0.034
Ami	0.2121	0.2309	0.2103	0.2152	0.1353	0.2476	0.2728	0.1924	0.2053	0.2294	0.2151	0.0344
Nmi	0.2152	0.2335	0.2173	0.2224	0.1412	0.2521	0.28	0.1999	0.2142	0.2392	0.2215	0.0344
purity	0.4623	0.4845	0.4626	0.4623	0.3919	0.538	0.5479	0.4388	0.4554	0.4806	0.4724	0.0429
accuracy	0.4442	0.4662	0.4352	0.4382	0.3709	0.5206	0.5296	0.4238	0.4307	0.4593	0.4519	0.044
f1	0.446	0.4653	0.4561	0.4569	0.3729	0.5289	0.5492	0.4415	0.449	0.4592	0.4625	0.0458
precision	0.4707	0.4886	0.5364	0.539	0.3977	0.5868	0.6364	0.5344	0.5365	0.5166	0.5243	0.0611
recall	0.4442	0.4662	0.4352	0.4382	0.3709	0.5206	0.5296	0.4238	0.4307	0.4593	0.4519	0.044
entropy	0.0513	0.054	0.1403	0.1487	0.0691	0.0955	0.1321	0.187	0.1625	0.1122	0.1153	0.0445
mean list for latex table
'Nmi','purity','Ari','f1','precision','recall','entropy'
0.2215 &0.4724 &0.1758 &0.4625 &0.5243 &0.4519 &0.1153 &
