

hidden1:32,hidden2:16,learning_rate:0.002,epochs:300,seed:20
H	0.1574	0.1574	0.0
C	0.2184	0.2184	0.0
V	0.183	0.183	0.0
Ari	0.0991	0.0991	0.0
Ami	0.1562	0.1562	0.0
Nmi	0.1854	0.1854	0.0
purity	0.3641	0.3641	0.0
accuracy	0.343	0.343	0.0
f1	0.2917	0.2917	0.0
precision	0.4289	0.4289	0.0
recall	0.343	0.343	0.0
entropy	1.0495	1.0495	0.0
mean list for latex table
'Nmi','purity','Ari','f1','precision','recall','entropy'
0.1854 &0.3641 &0.0991 &0.2917 &0.4289 &0.343 &1.0495 &


hidden1:32,hidden2:16,learning_rate:0.002,epochs:300,seed:20
H	0.1304	0.1318	0.1177	0.1076	0.1442	0.1419	0.1399	0.189	0.1195	0.1263	0.1348	0.0211
C	0.1908	0.1995	0.207	0.2111	0.1696	0.1996	0.1646	0.254	0.2232	0.2373	0.2057	0.0264
V	0.155	0.1587	0.15	0.1426	0.1559	0.1659	0.1513	0.2167	0.1557	0.1649	0.1617	0.0195
Ari	0.0521	0.0495	0.0488	0.0704	0.0753	0.0624	0.07	0.0932	0.0759	0.0814	0.0679	0.0139
Ami	0.1292	0.1305	0.1164	0.1064	0.1431	0.1407	0.1387	0.1879	0.1183	0.1251	0.1336	0.0212
Nmi	0.1578	0.1621	0.1561	0.1507	0.1564	0.1683	0.1518	0.2191	0.1633	0.1731	0.1659	0.0189
purity	0.292	0.2927	0.2781	0.3291	0.3505	0.3114	0.3174	0.3832	0.3433	0.351	0.3249	0.031
accuracy	0.2769	0.2787	0.266	0.3274	0.2854	0.2916	0.2823	0.3772	0.3433	0.3505	0.3079	0.0364
f1	0.2534	0.2547	0.2118	0.2316	0.2746	0.2649	0.273	0.3558	0.2534	0.2589	0.2632	0.0357
precision	0.3717	0.4742	0.2635	0.4884	0.4023	0.4286	0.3785	0.4811	0.6609	0.5321	0.4481	0.1015
recall	0.2769	0.2787	0.266	0.3274	0.2854	0.2916	0.2823	0.3772	0.3433	0.3505	0.3079	0.0364
entropy	1.3212	1.3633	1.6071	2.4997	0.619	1.326	0.3663	0.7695	2.2981	2.2399	1.441	0.6954
mean list for latex table
'Nmi','purity','Ari','f1','precision','recall','entropy'
0.1659 &0.3249 &0.0679 &0.2632 &0.4481 &0.3079 &1.441 &
