

H	0.1443	0.104	0.1485	0.2588	0.0534	0.1557	0.1495	0.159	0.1923	0.1329	0.1498	0.0505
C	0.1489	0.1012	0.1477	0.3054	0.082	0.1541	0.2258	0.3518	0.2054	0.1367	0.1859	0.0825
V	0.1466	0.1026	0.1481	0.2802	0.0646	0.1549	0.1799	0.219	0.1986	0.1348	0.1629	0.0575
Ari	0.0862	0.0744	0.0893	0.161	0.0364	0.0696	0.1167	0.0496	0.1044	0.0798	0.0867	0.0334
Ami	0.1434	0.0993	0.145	0.2773	0.0608	0.1518	0.1763	0.2158	0.1956	0.1315	0.1597	0.0577
Nmi	0.1466	0.1026	0.1481	0.2802	0.0646	0.1549	0.1799	0.219	0.1986	0.1348	0.1629	0.0575
purity	0.4029	0.3401	0.3796	0.503	0.3035	0.4021	0.4165	0.397	0.4151	0.3689	0.3929	0.0499
accuracy	0.3412	0.2991	0.3161	0.4867	0.2655	0.2847	0.4062	0.3589	0.3796	0.3072	0.3445	0.0629
f1	0.3666	0.3157	0.3476	0.4934	0.21	0.3054	0.3508	0.3209	0.3905	0.3076	0.3408	0.0686
precision	0.4895	0.3969	0.4915	0.5984	0.2772	0.4537	0.5745	0.5187	0.4925	0.3789	0.4672	0.0906
recall	0.3412	0.2991	0.3161	0.4867	0.2655	0.2847	0.4062	0.3589	0.3796	0.3072	0.3445	0.0629
entropy	0.2116	0.1426	0.233	0.3597	1.1584	0.2614	1.1265	2.1664	0.1997	0.2266	0.6086	0.6331
mean list for latex table
0.3445 &0.1629 &0.3929 &0.0867 &0.3408 &0.4672 &0.3445 &0.6086 &


H	0.1886	0.2311	0.183	0.0858	0.1133	0.2427	0.1208	0.1668	0.1333	0.1234	0.1589	0.0495
C	0.1837	0.2315	0.2226	0.1324	0.1489	0.2532	0.1692	0.1764	0.1394	0.1281	0.1785	0.0419
V	0.1861	0.2313	0.2008	0.1042	0.1287	0.2478	0.1409	0.1715	0.1362	0.1257	0.1673	0.0458
Ari	0.1359	0.1359	0.1116	0.069	0.0789	0.1229	0.0544	0.0584	0.0582	0.0815	0.0907	0.0311
Ami	0.1832	0.2285	0.1975	0.1003	0.125	0.245	0.1371	0.1684	0.133	0.1224	0.164	0.0461
Nmi	0.1861	0.2313	0.2008	0.1042	0.1287	0.2478	0.1409	0.1715	0.1362	0.1257	0.1673	0.0458
purity	0.4531	0.4527	0.4129	0.3519	0.3497	0.4727	0.3608	0.3984	0.3648	0.3538	0.3971	0.0455
accuracy	0.3818	0.3951	0.4129	0.3213	0.3275	0.3741	0.3231	0.3028	0.2803	0.3139	0.3433	0.0419
f1	0.4004	0.4339	0.3956	0.2489	0.3001	0.4089	0.3243	0.301	0.2855	0.3233	0.3422	0.0593
precision	0.4663	0.5902	0.5794	0.2371	0.4073	0.555	0.4579	0.469	0.3888	0.3748	0.4526	0.1023
recall	0.3818	0.3951	0.4129	0.3213	0.3275	0.3741	0.3231	0.3028	0.2803	0.3139	0.3433	0.0419
entropy	0.0924	0.2296	0.6266	1.4111	0.9188	0.236	0.7191	0.3582	0.2925	0.1337	0.5018	0.397
mean list for latex table
0.3433 &0.1673 &0.3971 &0.0907 &0.3422 &0.4526 &0.3433 &0.5018 &


H	0.1133	0.1133	0.0
C	0.1129	0.1129	0.0
V	0.1131	0.1131	0.0
Ari	0.0728	0.0728	0.0
Ami	0.1098	0.1098	0.0
Nmi	0.1131	0.1131	0.0
purity	0.3549	0.3549	0.0
accuracy	0.3239	0.3239	0.0
f1	0.3328	0.3328	0.0
precision	0.4039	0.4039	0.0
recall	0.3239	0.3239	0.0
entropy	0.1325	0.1325	0.0
mean list for latex table
0.3239 &0.1131 &0.3549 &0.0728 &0.3328 &0.4039 &0.3239 &0.1325 &


hidden1:32,hidden2:16,learning_rate:0.002,epochs:300,seed:20
H	0.2212	0.2212	0.0
C	0.2219	0.2219	0.0
V	0.2216	0.2216	0.0
Ari	0.1383	0.1383	0.0
Ami	0.2187	0.2187	0.0
Nmi	0.2216	0.2216	0.0
purity	0.4719	0.4719	0.0
accuracy	0.3973	0.3973	0.0
f1	0.432	0.432	0.0
precision	0.5561	0.5561	0.0
recall	0.3973	0.3973	0.0
entropy	0.2205	0.2205	0.0
mean list for latex table
'Nmi','purity','Ari','f1','precision','recall','entropy'
0.2216 &0.4719 &0.1383 &0.432 &0.5561 &0.3973 &0.2205 &


hidden1:32,hidden2:16,learning_rate:0.002,epochs:300,seed:20
H	0.1555	0.1419	0.1668	0.143	0.0747	0.1364	0.0322
C	0.1546	0.1379	0.1673	0.1523	0.0971	0.1418	0.0242
V	0.1551	0.1398	0.1671	0.1475	0.0844	0.1388	0.0286
Ari	0.1071	0.0785	0.1135	0.0851	0.0381	0.0845	0.0266
Ami	0.152	0.1367	0.164	0.1442	0.0805	0.1355	0.0289
Nmi	0.1551	0.1398	0.1671	0.1475	0.0844	0.1388	0.0286
purity	0.4069	0.3708	0.4188	0.3693	0.3224	0.3776	0.0338
accuracy	0.3641	0.3035	0.3726	0.3371	0.2829	0.332	0.0344
f1	0.3851	0.3193	0.3932	0.3443	0.2789	0.3442	0.0423
precision	0.4636	0.4114	0.4754	0.4152	0.3954	0.4322	0.0314
recall	0.3641	0.3035	0.3726	0.3371	0.2829	0.332	0.0344
entropy	0.1496	0.1579	0.1644	0.1828	0.7105	0.273	0.219
mean list for latex table
'Nmi','purity','Ari','f1','precision','recall','entropy'
0.1388 &0.3776 &0.0845 &0.3442 &0.4322 &0.332 &0.273 &


hidden1:32,hidden2:16,learning_rate:0.002,epochs:300,seed:20
H	0.2477	0.1648	0.1108	0.1811	0.1587	0.1726	0.0442
C	0.2666	0.1992	0.1626	0.1852	0.1766	0.198	0.0363
V	0.2568	0.1804	0.1318	0.1831	0.1672	0.1839	0.0408
Ari	0.1278	0.0981	0.0851	0.1025	0.0867	0.1	0.0154
Ami	0.2539	0.177	0.1282	0.1801	0.1639	0.1806	0.041
Nmi	0.2568	0.1804	0.1318	0.1831	0.1672	0.1839	0.0408
purity	0.4664	0.3914	0.3848	0.4276	0.39	0.412	0.0311
accuracy	0.404	0.3744	0.3667	0.3434	0.363	0.3703	0.0197
f1	0.4264	0.3712	0.3135	0.3541	0.3625	0.3655	0.0363
precision	0.5821	0.4877	0.3875	0.4311	0.4354	0.4648	0.0667
recall	0.404	0.3744	0.3667	0.3434	0.363	0.3703	0.0197
entropy	0.3114	0.3345	1.0228	0.1773	0.2132	0.4118	0.3111
mean list for latex table
'Nmi','purity','Ari','f1','precision','recall','entropy'
0.1839 &0.412 &0.1 &0.3655 &0.4648 &0.3703 &0.4118 &


hidden1:32,hidden2:16,learning_rate:0.002,epochs:300,seed:20
H	0.1484	0.1303	0.1062	0.1098	0.1251	0.124	0.0152
C	0.1478	0.16	0.109	0.2174	0.2028	0.1674	0.039
V	0.1481	0.1436	0.1076	0.1459	0.1547	0.14	0.0166
Ari	0.1	0.0683	0.0687	0.0184	0.0407	0.0592	0.0277
Ami	0.145	0.14	0.1042	0.1425	0.1514	0.1366	0.0166
Nmi	0.1481	0.1436	0.1076	0.1459	0.1547	0.14	0.0166
purity	0.4106	0.356	0.3508	0.3493	0.3589	0.3651	0.023
accuracy	0.3556	0.3146	0.2976	0.3235	0.3582	0.3299	0.0236
f1	0.3727	0.2973	0.3089	0.292	0.3317	0.3205	0.0294
precision	0.4442	0.3925	0.3807	0.4875	0.4477	0.4305	0.0391
recall	0.3556	0.3146	0.2976	0.3235	0.3582	0.3299	0.0236
entropy	0.1542	0.5211	0.269	1.6541	1.4255	0.8048	0.616
mean list for latex table
'Nmi','purity','Ari','f1','precision','recall','entropy'
0.14 &0.3651 &0.0592 &0.3205 &0.4305 &0.3299 &0.8048 &


hidden1:32,hidden2:16,learning_rate:0.002,epochs:300,seed:20
H	0.235	0.1603	0.0548	0.2395	0.2203	0.182	0.0696
C	0.2333	0.1644	0.0954	0.2446	0.2257	0.1927	0.056
V	0.2341	0.1623	0.0696	0.2421	0.223	0.1862	0.0647
Ari	0.1427	0.0982	0.06	0.1209	0.1389	0.1121	0.0305
Ami	0.2313	0.1592	0.0664	0.2392	0.2201	0.1832	0.0649
Nmi	0.2341	0.1623	0.0696	0.2421	0.223	0.1862	0.0647
purity	0.4509	0.4213	0.3279	0.4657	0.4609	0.4253	0.0511
accuracy	0.4191	0.3756	0.305	0.3774	0.3885	0.3731	0.0375
f1	0.4575	0.3912	0.2193	0.4032	0.4086	0.376	0.0815
precision	0.6081	0.4427	0.4591	0.5431	0.5034	0.5113	0.0598
recall	0.4191	0.3756	0.305	0.3774	0.3885	0.3731	0.0375
entropy	0.2112	0.0669	2.3681	0.2349	0.1549	0.6072	0.8823
mean list for latex table
'Nmi','purity','Ari','f1','precision','recall','entropy'
0.1862 &0.4253 &0.1121 &0.376 &0.5113 &0.3731 &0.6072 &


hidden1:32,hidden2:16,learning_rate:0.002,epochs:300,seed:20
H	0.1542	0.186	0.0774	0.2256	0.2253	0.1737	0.0551
C	0.1519	0.1863	0.1219	0.2359	0.2393	0.1871	0.046
V	0.153	0.1862	0.0947	0.2306	0.2321	0.1793	0.0516
Ari	0.0906	0.1239	0.0321	0.1308	0.1527	0.106	0.042
Ami	0.1499	0.1832	0.0911	0.2277	0.2292	0.1762	0.0519
Nmi	0.153	0.1862	0.0947	0.2306	0.2321	0.1793	0.0516
purity	0.3892	0.459	0.3246	0.4457	0.4812	0.4199	0.0565
accuracy	0.3552	0.4032	0.2884	0.3962	0.4339	0.3754	0.0502
f1	0.382	0.433	0.2667	0.4337	0.4498	0.393	0.0672
precision	0.4742	0.5245	0.5366	0.5632	0.5667	0.533	0.0334
recall	0.3552	0.4032	0.2884	0.3962	0.4339	0.3754	0.0502
entropy	0.1314	0.135	1.5385	0.2452	0.1986	0.4497	0.546
mean list for latex table
'Nmi','purity','Ari','f1','precision','recall','entropy'
0.1793 &0.4199 &0.106 &0.393 &0.533 &0.3754 &0.4497 &
