

H	0.4593	0.4593	0.0
C	0.4588	0.4588	0.0
V	0.4591	0.4591	0.0
Ari	0.391	0.391	0.0
Ami	0.4571	0.4571	0.0
Nmi	0.4591	0.4591	0.0
purity	0.6414	0.6414	0.0
accuracy	59.8966	59.8966	0.0
f1	0.6081	0.6081	0.0
precision	0.6392	0.6392	0.0
recall	0.599	0.599	0.0
entropy	0.0336	0.0336	0.0


H	0.4613	0.4613	0.0
C	0.4676	0.4676	0.0
V	0.4644	0.4644	0.0
Ari	0.3912	0.3912	0.0
Ami	0.4624	0.4624	0.0
Nmi	0.4644	0.4644	0.0
purity	0.6396	0.6396	0.0
accuracy	60.2659	60.2659	0.0
f1	0.6137	0.6137	0.0
precision	0.6881	0.6881	0.0
recall	0.6027	0.6027	0.0
entropy	0.138	0.138	0.0


H	0.4989	0.4989	0.0
C	0.4837	0.4837	0.0
V	0.4912	0.4912	0.0
Ari	0.4467	0.4467	0.0
Ami	0.4894	0.4894	0.0
Nmi	0.4912	0.4912	0.0
purity	0.664	0.664	0.0
accuracy	60.9306	60.9306	0.0
f1	0.6323	0.6323	0.0
precision	0.6852	0.6852	0.0
recall	0.6093	0.6093	0.0
entropy	0.0527	0.0527	0.0


H	0.3466	0.3466	0.0
C	0.3789	0.3789	0.0
V	0.362	0.362	0.0
Ari	0.3277	0.3277	0.0
Ami	0.3596	0.3596	0.0
Nmi	0.362	0.362	0.0
purity	0.5369	0.5369	0.0
accuracy	50.4801	50.4801	0.0
f1	0.4803	0.4803	0.0
precision	0.5104	0.5104	0.0
recall	0.5048	0.5048	0.0
entropy	0.1419	0.1419	0.0


H	0.4172	0.4172	0.0
C	0.4197	0.4197	0.0
V	0.4184	0.4184	0.0
Ari	0.34	0.34	0.0
Ami	0.4163	0.4163	0.0
Nmi	0.4184	0.4184	0.0
purity	0.5953	0.5953	0.0
accuracy	57.4594	57.4594	0.0
f1	0.5753	0.5753	0.0
precision	0.6206	0.6206	0.0
recall	0.5746	0.5746	0.0
entropy	0.0784	0.0784	0.0


H	0.4036	0.4036	0.0
C	0.4224	0.4224	0.0
V	0.4128	0.4128	0.0
Ari	0.3274	0.3274	0.0
Ami	0.4106	0.4106	0.0
Nmi	0.4128	0.4128	0.0
purity	0.5683	0.5683	0.0
accuracy	51.9941	51.9941	0.0
f1	0.5144	0.5144	0.0
precision	0.546	0.546	0.0
recall	0.5199	0.5199	0.0
entropy	0.0711	0.0711	0.0


H	0.4421	0.4421	0.0
C	0.4491	0.4491	0.0
V	0.4456	0.4456	0.0
Ari	0.3342	0.3342	0.0
Ami	0.4435	0.4435	0.0
Nmi	0.4456	0.4456	0.0
purity	0.6241	0.6241	0.0
accuracy	56.4623	56.4623	0.0
f1	0.5552	0.5552	0.0
precision	0.5674	0.5674	0.0
recall	0.5646	0.5646	0.0
entropy	0.0477	0.0477	0.0


H	0.4434	0.4434	0.0
C	0.4377	0.4377	0.0
V	0.4406	0.4406	0.0
Ari	0.3937	0.3937	0.0
Ami	0.4385	0.4385	0.0
Nmi	0.4406	0.4406	0.0
purity	0.6219	0.6219	0.0
accuracy	57.8287	57.8287	0.0
f1	0.5805	0.5805	0.0
precision	0.6077	0.6077	0.0
recall	0.5783	0.5783	0.0
entropy	0.0618	0.0618	0.0


H	0.4119	0.341	0.3711	0.4347	0.3894	0.3849	0.4596	0.4203	0.4665	0.4665	0.41459	0.04084403138770707
C	0.4202	0.4789	0.425	0.4319	0.3828	0.3832	0.4647	0.453	0.4572	0.4621	0.4359	0.031763469583784454
V	0.416	0.3983	0.3962	0.4333	0.3861	0.384	0.4621	0.436	0.4618	0.4643	0.42381	0.030444061818357945
Ari	0.358	0.3597	0.3656	0.3449	0.3023	0.2676	0.3457	0.3565	0.4493	0.3469	0.34965	0.04407054004661163
Ami	0.4138	0.3958	0.3938	0.4312	0.3838	0.3818	0.4601	0.4339	0.4599	0.4623	0.42164	0.030596182768443524
Nmi	0.416	0.3983	0.3962	0.4333	0.3861	0.384	0.4621	0.436	0.4618	0.4643	0.42381	0.030444061818357945
purity	0.5846	0.5129	0.5639	0.6064	0.5683	0.5451	0.6071	0.5768	0.6532	0.6403	0.58586	0.04028675216494871
accuracy	56.647	50.1108	53.4712	57.3855	52.4003	44.5716	55.4653	52.8434	63.8848	55.9823	54.27622	4.792578941196483
f1	0.5534	0.4082	0.4769	0.5715	0.5339	0.4322	0.545	0.5053	0.6428	0.5545	0.52237	0.06563666734379497
precision	0.5898	0.4197	0.5057	0.6235	0.5813	0.4317	0.6018	0.5442	0.6713	0.6218	0.55908	0.07915983577547392
recall	0.5665	0.5011	0.5347	0.5739	0.524	0.4457	0.5547	0.5284	0.6388	0.5598	0.54276	0.04792619742896363
entropy	0.1091	0.8462	0.3639	0.0933	0.0602	0.0385	0.1158	0.181	0.0465	0.1056	0.19600999999999996	0.23440919115939118


H	0.4175	0.4492	0.4483	0.4824	0.4813	0.4923	0.4754	0.461	0.4402	0.4409	0.4589	0.0225
C	0.3953	0.4309	0.4268	0.4609	0.4579	0.4737	0.4533	0.4399	0.4211	0.4181	0.4378	0.0226
V	0.4061	0.4399	0.4373	0.4714	0.4693	0.4828	0.4641	0.4502	0.4304	0.4292	0.4481	0.0225
Ari	0.2852	0.3823	0.3583	0.4259	0.392	0.4694	0.422	0.3809	0.3956	0.2878	0.3799	0.055
Ami	0.404	0.4379	0.4352	0.4695	0.4674	0.4809	0.4622	0.4483	0.4284	0.4272	0.4461	0.0226
Nmi	0.4061	0.4399	0.4373	0.4714	0.4693	0.4828	0.4641	0.4502	0.4304	0.4292	0.4481	0.0225
purity	0.5635	0.6163	0.6422	0.6769	0.6348	0.6654	0.6444	0.6004	0.6248	0.5554	0.6224	0.0379
accuracy	0.5325	0.5321	0.5185	0.6518	0.5823	0.6215	0.5979	0.5513	0.5979	0.5085	0.5694	0.0455
f1	0.5397	0.5529	0.5397	0.6611	0.6119	0.6373	0.6181	0.5854	0.6025	0.5168	0.5865	0.0452
precision	0.5797	0.6102	0.6341	0.7003	0.6813	0.6681	0.6601	0.6623	0.6542	0.568	0.6418	0.0412
recall	0.5325	0.5321	0.5185	0.6518	0.5823	0.6215	0.5979	0.5513	0.5979	0.5085	0.5694	0.0455
entropy	0.0625	0.0725	0.1253	0.0477	0.0722	0.0375	0.0419	0.0722	0.0863	0.0868	0.0705	0.0245
mean list for latex table
0.5694 &0.4481 &0.6224 &0.3799 &0.5865 &0.6418 &0.5694 &0.0705 &


H	0.4724	0.4724	0.0
C	0.4592	0.4592	0.0
V	0.4657	0.4657	0.0
Ari	0.4282	0.4282	0.0
Ami	0.4638	0.4638	0.0
Nmi	0.4657	0.4657	0.0
purity	0.6473	0.6473	0.0
accuracy	0.6315	0.6315	0.0
f1	0.6455	0.6455	0.0
precision	0.68	0.68	0.0
recall	0.6315	0.6315	0.0
entropy	0.0375	0.0375	0.0
mean list for latex table
0.6315 &0.4657 &0.6473 &0.4282 &0.6455 &0.68 &0.6315 &0.0375 &


hidden1:64,hidden2:32,learning_rate:0.002,epochs:300,seed:20
H	0.4321	0.4321	0.0
C	0.4143	0.4143	0.0
V	0.423	0.423	0.0
Ari	0.2962	0.2962	0.0
Ami	0.4122	0.4122	0.0
Nmi	0.4231	0.4231	0.0
purity	0.5934	0.5934	0.0
accuracy	0.5247	0.5247	0.0
f1	0.5366	0.5366	0.0
precision	0.6013	0.6013	0.0
recall	0.5247	0.5247	0.0
entropy	0.0877	0.0877	0.0
mean list for latex table
'Nmi','purity','Ari','f1','precision','recall','entropy'
0.4231 &0.5934 &0.2962 &0.5366 &0.6013 &0.5247 &0.0877 &


hidden1:64,hidden2:32,learning_rate:0.002,epochs:300,seed:20
H	0.4153	0.4153	0.0
C	0.3995	0.3995	0.0
V	0.4073	0.4073	0.0
Ari	0.3091	0.3091	0.0
Ami	0.3974	0.3974	0.0
Nmi	0.4073	0.4073	0.0
purity	0.5535	0.5535	0.0
accuracy	0.5233	0.5233	0.0
f1	0.5322	0.5322	0.0
precision	0.5744	0.5744	0.0
recall	0.5233	0.5233	0.0
entropy	0.0566	0.0566	0.0
time	29.0257	29.0257	0.0
mean list for latex table
'Nmi','purity','Ari','f1','precision','recall','entropy'
0.4073 &0.5535 &0.3091 &0.5322 &0.5744 &0.5233 &0.0566 &


