

H	0.322	0.4025	0.3022	0.34223333333333333	0.043374826288477004
C	0.3207	0.4301	0.3603	0.3703666666666667	0.04522604952409126
V	0.3214	0.4158	0.3287	0.3553	0.042883641014571816
Ari	0.2115	0.3769	0.2251	0.27116666666666667	0.07497063128689499
Ami	0.3189	0.4136	0.326	0.35283333333333333	0.04306617646779844
Nmi	0.3214	0.4158	0.3287	0.3553	0.042883641014571816
purity	0.5059	0.6019	0.4922	0.5333333333333333	0.04880548694107615
accuracy	45.1256	58.7149	43.9069	49.24913333333333	6.711773802472456
f1	0.4539	0.567	0.4087	0.4765333333333333	0.066577890891463
precision	0.4918	0.6326	0.465	0.5298	0.07350936448281041


H	0.3051	0.3051	0.0
C	0.372	0.372	0.0
V	0.3352	0.3352	0.0
Ari	0.232	0.232	0.0
Ami	0.3325	0.3325	0.0
Nmi	0.3352	0.3352	0.0
purity	0.4605	0.4605	0.0
accuracy	42.0236	42.0236	0.0
f1	0.3615	0.3615	0.0
precision	0.4015	0.4015	0.0


H	0.3046	0.3046	0.0
C	0.3305	0.3305	0.0
V	0.317	0.317	0.0
Ari	0.2503	0.2503	0.0
Ami	0.3143	0.3143	0.0
Nmi	0.317	0.317	0.0
purity	0.4937	0.4937	0.0
accuracy	45.3102	45.3102	0.0
f1	0.4317	0.4317	0.0
precision	0.4521	0.4521	0.0
recall	0.4531	0.4531	0.0
entropy	0.2661	0.2661	0.0


H	0.3327	0.3327	0.0
C	0.3737	0.3737	0.0
V	0.352	0.352	0.0
Ari	0.2426	0.2426	0.0
Ami	0.3495	0.3495	0.0
Nmi	0.352	0.352	0.0
purity	0.5554	0.5554	0.0
accuracy	49.5199	49.5199	0.0
f1	0.4655	0.4655	0.0
precision	0.5959	0.5959	0.0
recall	0.4952	0.4952	0.0
entropy	0.3616	0.3616	0.0


H	0.3235	0.3235	0.0
C	0.4092	0.4092	0.0
V	0.3613	0.3613	0.0
Ari	0.3051	0.3051	0.0
Ami	0.3587	0.3587	0.0
Nmi	0.3613	0.3613	0.0
purity	0.5292	0.5292	0.0
accuracy	0.517	0.517	0.0
f1	0.4547	0.4547	0.0
precision	0.4633	0.4633	0.0
recall	0.517	0.517	0.0
entropy	0.6786	0.6786	0.0
mean list for latex table


H	0.2365	0.2365	0.0
C	0.3402	0.3402	0.0
V	0.279	0.279	0.0
Ari	0.1578	0.1578	0.0
Ami	0.2758	0.2758	0.0
Nmi	0.279	0.279	0.0
purity	0.4638	0.4638	0.0
accuracy	0.4069	0.4069	0.0
f1	0.3623	0.3623	0.0
precision	0.3907	0.3907	0.0
recall	0.4069	0.4069	0.0
entropy	0.6873	0.6873	0.0
mean list for latex table
0.4069 &0.279 &0.4638 &0.1578 &0.3623 &0.3907 &0.4069 &0.6873 &
