

hidden1:64,hidden2:32,learning_rate:0.002,epochs:300,seed:20
H	0.2679	0.265	0.2745	0.277	0.2736	0.2846	0.2711	0.2739	0.2715	0.2472	0.2706	0.0093
C	0.2731	0.2699	0.2802	0.2827	0.2795	0.2903	0.2761	0.28	0.278	0.2537	0.2764	0.0092
V	0.2705	0.2675	0.2773	0.2798	0.2765	0.2874	0.2736	0.2769	0.2747	0.2504	0.2735	0.0092
Ari	0.1894	0.1971	0.2032	0.2054	0.2017	0.2155	0.2022	0.2011	0.1998	0.1617	0.1977	0.0135
Ami	0.2669	0.264	0.2735	0.2761	0.2726	0.2836	0.2701	0.2729	0.2706	0.2462	0.2697	0.0093
Nmi	0.2705	0.2675	0.2773	0.2798	0.2765	0.2874	0.2736	0.2769	0.2747	0.2504	0.2735	0.0092
purity	0.4813	0.4898	0.5006	0.4996	0.4985	0.5114	0.4967	0.501	0.4967	0.453	0.4929	0.0152
accuracy	0.4149	0.4405	0.44	0.4457	0.4409	0.4555	0.4438	0.4286	0.4577	0.3878	0.4355	0.0197
f1	0.4063	0.4412	0.4426	0.4471	0.443	0.4582	0.4453	0.4177	0.4535	0.3918	0.4347	0.0207
precision	0.411	0.461	0.4677	0.4704	0.4675	0.4841	0.4669	0.4221	0.4652	0.4169	0.4533	0.0247
recall	0.4149	0.4405	0.44	0.4457	0.4409	0.4555	0.4438	0.4286	0.4577	0.3878	0.4355	0.0197
entropy	0.0425	0.0374	0.0439	0.0424	0.0437	0.0444	0.0391	0.0433	0.0391	0.0469	0.0423	0.0027
mean list for latex table
'Nmi','purity','Ari','f1','precision','recall','entropy'
0.2735 &0.4929 &0.1977 &0.4347 &0.4533 &0.4355 &0.0423 &


hidden1:64,hidden2:32,learning_rate:0.002,epochs:300,seed:20
H	0.2795	0.2795	0.0
C	0.2846	0.2846	0.0
V	0.282	0.282	0.0
Ari	0.2127	0.2127	0.0
Ami	0.2785	0.2785	0.0
Nmi	0.282	0.282	0.0
purity	0.5081	0.5081	0.0
accuracy	0.4515	0.4515	0.0
f1	0.4527	0.4527	0.0
precision	0.4745	0.4745	0.0
recall	0.4515	0.4515	0.0
entropy	0.0394	0.0394	0.0
time	183.6015	183.6015	0.0
mean list for latex table
'Nmi','purity','Ari','f1','precision','recall','entropy'
0.282 &0.5081 &0.2127 &0.4527 &0.4745 &0.4515 &0.0394 &


