

hidden1:64,hidden2:32,learning_rate:0.002,epochs:300,seed:20
H	0.1682	0.1681	0.2105	0.1691	0.2039	0.184	0.0191
C	0.2097	0.2081	0.235	0.2112	0.2298	0.2188	0.0113
V	0.1867	0.1859	0.2221	0.1878	0.2161	0.1997	0.0159
Ari	0.0935	0.0947	0.1349	0.0943	0.1302	0.1095	0.0189
Ami	0.1855	0.1847	0.221	0.1866	0.215	0.1986	0.016
Nmi	0.1867	0.1859	0.2221	0.1878	0.2161	0.1997	0.0159
purity	0.3487	0.3526	0.4138	0.3526	0.4184	0.3772	0.0318
accuracy	0.3216	0.3287	0.3784	0.3287	0.3865	0.3488	0.0277
f1	0.1375	0.0852	0.2346	0.1331	0.102	0.1385	0.0518
precision	0.2289	0.0704	0.2613	0.1149	0.0906	0.1532	0.077
recall	0.1594	0.1132	0.2681	0.1697	0.1263	0.1673	0.0545
entropy	0.4485	0.488	0.2637	0.4996	0.2768	0.3953	0.1036
time	522.4134	522.4134	522.4134	522.4134	522.4134	522.4134	0.0
mean list for latex table
'Nmi','purity','Ari','f1','precision','recall','entropy'
0.1997 &0.3772 &0.1095 &0.1385 &0.1532 &0.1673 &0.3953 &


hidden1:64,hidden2:32,learning_rate:0.002,epochs:300,seed:20
H	0.1692	0.1701	0.2069	0.2145	0.2081	0.1938	0.0199
C	0.2106	0.2105	0.231	0.2433	0.233	0.2257	0.013
V	0.1876	0.1881	0.2183	0.228	0.2199	0.2084	0.0171
Ari	0.094	0.0965	0.1317	0.1354	0.1316	0.1178	0.0185
Ami	0.1864	0.1869	0.2172	0.2269	0.2187	0.2072	0.0171
Nmi	0.1876	0.1881	0.2183	0.228	0.2199	0.2084	0.0171
purity	0.3483	0.3557	0.4059	0.4145	0.4059	0.3861	0.0281
accuracy	0.321	0.3308	0.3734	0.3901	0.3755	0.3582	0.0271
f1	0.3087	0.3158	0.3698	0.3896	0.3728	0.3513	0.0327
precision	0.5153	0.5205	0.4722	0.5059	0.4771	0.4982	0.0199
recall	0.321	0.3308	0.3734	0.3901	0.3755	0.3582	0.0271
entropy	0.4659	0.4633	0.2266	0.2517	0.2305	0.3276	0.1122
time	513.1812	513.1812	513.1812	513.1812	513.1812	513.1812	0.0
mean list for latex table
'Nmi','purity','Ari','f1','precision','recall','entropy'
0.2084 &0.3861 &0.1178 &0.3513 &0.4982 &0.3582 &0.3276 &
