

hidden1:64,hidden2:32,learning_rate:0.002,epochs:300,seed:20
H	0.2273	0.2104	0.2322	0.2305	0.2401	0.2281	0.0098
C	0.2357	0.2139	0.2376	0.2388	0.2558	0.2364	0.0133
V	0.2314	0.2121	0.2349	0.2346	0.2477	0.2321	0.0115
Ari	0.1749	0.1824	0.1863	0.1791	0.1803	0.1806	0.0038
Ami	0.2297	0.2104	0.2332	0.2329	0.246	0.2304	0.0115
Nmi	0.2314	0.2121	0.2349	0.2346	0.2477	0.2321	0.0115
purity	0.4869	0.4887	0.4941	0.5014	0.5224	0.4987	0.0129
accuracy	0.4557	0.4683	0.4641	0.471	0.4683	0.4655	0.0054
f1	0.2257	0.2791	0.377	0.0918	0.1569	0.2261	0.0984
precision	0.2166	0.2692	0.4478	0.0847	0.212	0.2461	0.1177
recall	0.2489	0.2946	0.3643	0.1043	0.153	0.233	0.0941
entropy	0.1611	0.0634	0.1786	0.0656	0.2847	0.1507	0.0821
time	88.2493	88.2493	88.2493	88.2493	88.2493	88.2493	0.0
mean list for latex table
'Nmi','purity','Ari','f1','precision','recall','entropy'
0.2321 &0.4987 &0.1806 &0.2261 &0.2461 &0.233 &0.1507 &


hidden1:64,hidden2:32,learning_rate:0.002,epochs:300,seed:20
H	0.2088	0.215	0.2137	0.2137	0.2182	0.2139	0.003
C	0.2154	0.2283	0.2199	0.2202	0.2298	0.2227	0.0055
V	0.212	0.2214	0.2167	0.2169	0.2239	0.2182	0.0041
Ari	0.1878	0.1681	0.1688	0.1945	0.1936	0.1826	0.0118
Ami	0.2103	0.2197	0.215	0.2152	0.2222	0.2165	0.0041
Nmi	0.212	0.2214	0.2167	0.2169	0.2239	0.2182	0.0041
purity	0.5026	0.4827	0.483	0.5158	0.5161	0.5	0.0149
accuracy	0.477	0.456	0.4533	0.4926	0.4911	0.474	0.0167
f1	0.4887	0.4668	0.4739	0.506	0.5003	0.4871	0.015
precision	0.5408	0.5893	0.5643	0.5652	0.5867	0.5693	0.0176
recall	0.477	0.456	0.4533	0.4926	0.4911	0.474	0.0167
entropy	0.1047	0.2581	0.1709	0.1202	0.1786	0.1665	0.0539
time	113.1131	113.1131	113.1131	113.1131	113.1131	113.1131	0.0
mean list for latex table
'Nmi','purity','Ari','f1','precision','recall','entropy'
0.2182 &0.5 &0.1826 &0.4871 &0.5693 &0.474 &0.1665 &
