

hidden1:64,hidden2:32,learning_rate:0.002,epochs:300,seed:20
H	0.167	0.1785	0.1694	0.1627	0.163	0.1681	0.0058
C	0.1855	0.193	0.1873	0.1809	0.1811	0.1856	0.0045
V	0.1758	0.1855	0.1779	0.1713	0.1716	0.1764	0.0052
Ari	0.1188	0.1157	0.1182	0.1157	0.1158	0.1168	0.0014
Ami	0.1741	0.1839	0.1762	0.1696	0.1699	0.1747	0.0052
Nmi	0.1758	0.1855	0.1779	0.1713	0.1716	0.1764	0.0052
purity	0.3393	0.3448	0.3525	0.341	0.3411	0.3437	0.0047
accuracy	0.3113	0.3218	0.3345	0.3133	0.3133	0.3188	0.0086
f1	0.0977	0.0943	0.0668	0.0669	0.1428	0.0937	0.0278
precision	0.1058	0.1209	0.0676	0.075	0.1796	0.1098	0.04
recall	0.1104	0.0993	0.0779	0.0751	0.1533	0.1032	0.0283
entropy	0.2701	0.215	0.2207	0.251	0.2536	0.2421	0.0209
time	1305.783	1305.783	1305.783	1305.783	1305.783	1305.783	0.0
mean list for latex table
'Nmi','purity','Ari','f1','precision','recall','entropy'
0.1764 &0.3437 &0.1168 &0.0937 &0.1098 &0.1032 &0.2421 &


hidden1:64,hidden2:32,learning_rate:0.002,epochs:300,seed:20
H	0.1743	0.177	0.1779	0.1809	0.1668	0.1754	0.0048
C	0.189	0.1877	0.189	0.1922	0.1857	0.1887	0.0021
V	0.1814	0.1822	0.1833	0.1864	0.1757	0.1818	0.0035
Ari	0.111	0.1126	0.113	0.123	0.1173	0.1154	0.0043
Ami	0.1797	0.1806	0.1817	0.1848	0.174	0.1802	0.0035
Nmi	0.1814	0.1822	0.1833	0.1864	0.1757	0.1818	0.0035
purity	0.3417	0.3481	0.3448	0.3572	0.3372	0.3458	0.0067
accuracy	0.3188	0.3204	0.3178	0.3269	0.3102	0.3188	0.0054
f1	0.3067	0.3145	0.3114	0.3149	0.2813	0.3058	0.0126
precision	0.361	0.3708	0.3683	0.3704	0.3331	0.3607	0.0143
recall	0.3188	0.3204	0.3178	0.3269	0.3102	0.3188	0.0054
entropy	0.1956	0.1388	0.1423	0.1462	0.247	0.174	0.042
time	1219.5436	1219.5436	1219.5436	1219.5436	1219.5436	1219.5436	0.0
mean list for latex table
'Nmi','purity','Ari','f1','precision','recall','entropy'
0.1818 &0.3458 &0.1154 &0.3058 &0.3607 &0.3188 &0.174 &


hidden1:64,hidden2:32,learning_rate:0.002,epochs:300,seed:20
H	0.1682	0.1789	0.1781	0.1732	0.1762	0.1749	0.0039
C	0.1864	0.1898	0.1889	0.1841	0.1909	0.188	0.0025
V	0.1768	0.1842	0.1833	0.1785	0.1833	0.1812	0.003
Ari	0.1182	0.116	0.1169	0.1121	0.1134	0.1153	0.0022
Ami	0.1751	0.1826	0.1817	0.1768	0.1816	0.1796	0.003
Nmi	0.1768	0.1842	0.1833	0.1785	0.1833	0.1812	0.003
purity	0.3405	0.3521	0.3525	0.3452	0.348	0.3477	0.0045
accuracy	0.3097	0.3228	0.3249	0.3196	0.3249	0.3204	0.0057
f1	0.2829	0.3148	0.3164	0.3116	0.312	0.3075	0.0124
precision	0.3342	0.368	0.3702	0.3657	0.363	0.3602	0.0132
recall	0.3097	0.3228	0.3249	0.3196	0.3249	0.3204	0.0057
entropy	0.2378	0.1388	0.1388	0.1431	0.1939	0.1705	0.0396
time	1229.3091	1229.3091	1229.3091	1229.3091	1229.3091	1229.3091	0.0
mean list for latex table
'Nmi','purity','Ari','f1','precision','recall','entropy'
0.1812 &0.3477 &0.1153 &0.3075 &0.3602 &0.3204 &0.1705 &
