

H	0.545	0.4889	0.517	0.0281
C	0.5253	0.4662	0.4958	0.0295
V	0.535	0.4772	0.5061	0.0289
Ari	0.4871	0.394	0.4406	0.0465
Ami	0.5333	0.4754	0.5044	0.029
Nmi	0.535	0.4772	0.5061	0.0289
purity	0.7109	0.6377	0.6743	0.0366
accuracy	0.6835	0.6263	0.6549	0.0286
f1	0.7025	0.6397	0.6711	0.0314
precision	0.7498	0.7062	0.728	0.0218
recall	0.6835	0.6263	0.6549	0.0286
entropy	0.0448	0.0999	0.0724	0.0276
mean list for latex table
0.6549 &0.5061 &0.6743 &0.4406 &0.6711 &0.728 &0.6549 &0.0724 &


H	0.545	0.545	0.545	0.0
C	0.5253	0.5253	0.5253	0.0
V	0.535	0.535	0.535	0.0
Ari	0.4871	0.4871	0.4871	0.0
Ami	0.5333	0.5333	0.5333	0.0
Nmi	0.535	0.535	0.535	0.0
purity	0.7109	0.7109	0.7109	0.0
accuracy	0.6835	0.6835	0.6835	0.0
f1	0.7025	0.7025	0.7025	0.0
precision	0.7498	0.7498	0.7498	0.0
recall	0.6835	0.6835	0.6835	0.0
entropy	0.0448	0.0448	0.0448	0.0
mean list for latex table
0.6835 &0.535 &0.7109 &0.4871 &0.7025 &0.7498 &0.6835 &0.0448 &


H	0.545	0.5441	0.5446	0.0005
C	0.5253	0.5242	0.5248	0.0005
V	0.535	0.5339	0.5345	0.0005
Ari	0.4871	0.4845	0.4858	0.0013
Ami	0.5333	0.5322	0.5328	0.0005
Nmi	0.535	0.5339	0.5345	0.0005
purity	0.7109	0.7094	0.7102	0.0007
accuracy	0.6835	0.6813	0.6824	0.0011
f1	0.7025	0.701	0.7018	0.0008
precision	0.7498	0.7493	0.7495	0.0003
recall	0.6835	0.6813	0.6824	0.0011
entropy	0.0448	0.0458	0.0453	0.0005
mean list for latex table
0.6824 &0.5345 &0.7102 &0.4858 &0.7018 &0.7495 &0.6824 &0.0453 &


H	0.545	0.5441	0.5216	0.5326	0.5326	0.5331	0.5385	0.5317	0.545	0.5326	0.5233	0.5445	0.5317	0.5326	0.5322	0.5227	0.5063	0.5317	0.5326	0.5326	0.5326	0.5449	0.5326	0.5384	0.5108	0.5449	0.5449	0.5384	0.5449	0.5247	0.5335	0.0097
C	0.5253	0.5242	0.4986	0.5092	0.5092	0.5097	0.5188	0.5086	0.5253	0.5092	0.5008	0.5246	0.5084	0.5092	0.5088	0.5003	0.4826	0.5086	0.5092	0.5092	0.5092	0.525	0.5092	0.5185	0.4966	0.525	0.525	0.5186	0.525	0.5022	0.5118	0.0104
V	0.535	0.5339	0.5099	0.5206	0.5206	0.5211	0.5285	0.5199	0.535	0.5206	0.5118	0.5343	0.5198	0.5206	0.5203	0.5112	0.4942	0.5199	0.5206	0.5206	0.5206	0.5348	0.5206	0.5282	0.5036	0.5348	0.5348	0.5283	0.5348	0.5132	0.5224	0.01
Ari	0.4871	0.4845	0.4306	0.4525	0.4525	0.4526	0.4761	0.4543	0.4871	0.4525	0.4492	0.4854	0.4519	0.4525	0.4518	0.4486	0.4011	0.4543	0.4525	0.4525	0.4525	0.4862	0.4525	0.4759	0.4382	0.4862	0.4862	0.4758	0.4862	0.4498	0.4606	0.0201
Ami	0.5333	0.5322	0.5081	0.5189	0.5189	0.5194	0.5268	0.5182	0.5333	0.5189	0.5101	0.5327	0.5181	0.5189	0.5186	0.5095	0.4924	0.5182	0.5189	0.5189	0.5189	0.5331	0.5189	0.5266	0.5018	0.5331	0.5331	0.5266	0.5331	0.5115	0.5207	0.01
Nmi	0.535	0.5339	0.5099	0.5206	0.5206	0.5211	0.5285	0.5199	0.535	0.5206	0.5118	0.5343	0.5198	0.5206	0.5203	0.5112	0.4942	0.5199	0.5206	0.5206	0.5206	0.5348	0.5206	0.5282	0.5036	0.5348	0.5348	0.5283	0.5348	0.5132	0.5224	0.01
purity	0.7109	0.7094	0.664	0.685	0.685	0.685	0.7005	0.6872	0.7109	0.685	0.6821	0.7097	0.6846	0.685	0.6846	0.6821	0.6484	0.6872	0.685	0.685	0.685	0.7109	0.685	0.7001	0.6732	0.7109	0.7109	0.7001	0.7109	0.6832	0.6909	0.0151
accuracy	0.6835	0.6813	0.6004	0.6732	0.6732	0.6732	0.6787	0.6732	0.6835	0.6732	0.6725	0.6817	0.6721	0.6732	0.6728	0.6725	0.5631	0.6732	0.6732	0.6732	0.6732	0.6821	0.6732	0.6787	0.6252	0.6821	0.6821	0.6787	0.6821	0.6725	0.6684	0.0257
f1	0.7025	0.701	0.624	0.6897	0.6897	0.6898	0.6944	0.6891	0.7025	0.6897	0.6887	0.7014	0.6886	0.6897	0.6892	0.6884	0.59	0.6891	0.6897	0.6897	0.6897	0.7018	0.6897	0.6944	0.6379	0.7018	0.7018	0.6945	0.7018	0.6887	0.686	0.0243
precision	0.7498	0.7493	0.704	0.7486	0.7486	0.7488	0.7517	0.7472	0.7498	0.7486	0.7454	0.7494	0.7475	0.7486	0.7482	0.7448	0.6858	0.7472	0.7486	0.7486	0.7486	0.7501	0.7486	0.7516	0.6821	0.7501	0.7501	0.7517	0.7501	0.7454	0.743	0.0178
recall	0.6835	0.6813	0.6004	0.6732	0.6732	0.6732	0.6787	0.6732	0.6835	0.6732	0.6725	0.6817	0.6721	0.6732	0.6728	0.6725	0.5631	0.6732	0.6732	0.6732	0.6732	0.6821	0.6732	0.6787	0.6252	0.6821	0.6821	0.6787	0.6821	0.6725	0.6684	0.0257
entropy	0.0448	0.0458	0.0954	0.084	0.084	0.0842	0.0909	0.0838	0.0448	0.084	0.0824	0.0455	0.0844	0.084	0.0842	0.0822	0.1254	0.0838	0.084	0.084	0.084	0.0457	0.084	0.0904	0.0505	0.0457	0.0457	0.0906	0.0457	0.0824	0.0749	0.0204
mean list for latex table
0.6816 &0.5334 &0.7085 &0.4841 &0.7004 &0.7504 &0.6816 &0.0914 &


H	0.5053	0.5281	0.5097	0.5144	0.0099
C	0.4833	0.5079	0.4868	0.4927	0.0109
V	0.4941	0.5178	0.498	0.5033	0.0104
Ari	0.4137	0.4372	0.4312	0.4274	0.01
Ami	0.4923	0.516	0.4962	0.5015	0.0104
Nmi	0.4941	0.5178	0.498	0.5033	0.0104
purity	0.6584	0.6994	0.6761	0.678	0.0168
accuracy	0.6344	0.6366	0.6669	0.646	0.0148
f1	0.6493	0.6564	0.6804	0.662	0.0133
precision	0.709	0.7211	0.7369	0.7223	0.0114
recall	0.6344	0.6366	0.6669	0.646	0.0148
entropy	0.0935	0.0786	0.0842	0.0854	0.0061
mean list for latex table
0.646 &0.5033 &0.678 &0.4274 &0.662 &0.7223 &0.646 &0.0854 &
