

H	0.042	0.042	0.0
C	0.0791	0.0791	0.0
V	0.0549	0.0549	0.0
Ari	0.0257	0.0257	0.0
Ami	0.0503	0.0503	0.0
Nmi	0.0549	0.0549	0.0
purity	0.3054	0.3054	0.0
accuracy	0.2755	0.2755	0.0
f1	0.2016	0.2016	0.0
precision	0.249	0.249	0.0
recall	0.2755	0.2755	0.0
entropy	1.4715	1.4715	0.0


H	0.1686	0.1686	0.0
C	0.2258	0.2258	0.0
V	0.193	0.193	0.0
Ari	0.1095	0.1095	0.0
Ami	0.1895	0.1895	0.0
Nmi	0.193	0.193	0.0
purity	0.3837	0.3837	0.0
accuracy	0.3538	0.3538	0.0
f1	0.2885	0.2885	0.0
precision	0.3406	0.3406	0.0
recall	0.3538	0.3538	0.0
entropy	0.5602	0.5602	0.0
mean list for latex table
0.3538 &0.193 &0.3837 &0.1095 &0.2885 &0.3406 &0.3538 &0.5602 &


H	0.1117	0.1228	0.1503	0.0965	0.1613	0.0926	0.0885	0.0891	0.1258	0.1078	0.11463999999999999	0.02417801480684467
C	0.1743	0.1676	0.2405	0.1687	0.2198	0.1283	0.147	0.1431	0.1704	0.1439	0.17035999999999998	0.03338832730161845
V	0.1362	0.1418	0.185	0.1228	0.186	0.1075	0.1105	0.1098	0.1447	0.1232	0.13675	0.02737108876168429
Ari	0.0616	0.0809	0.08	0.0734	0.0746	0.0479	0.0292	0.0413	0.0842	0.0635	0.06366000000000001	0.017722200766270537
Ami	0.1321	0.1379	0.181	0.1184	0.1824	0.1035	0.1062	0.1056	0.1411	0.1195	0.13277	0.02751167206841489
Nmi	0.1362	0.1418	0.185	0.1228	0.186	0.1075	0.1105	0.1098	0.1447	0.1232	0.13675	0.02737108876168429
purity	0.3682	0.3833	0.3719	0.3674	0.394	0.3239	0.3501	0.3678	0.4062	0.3567	0.36895	0.021837731109252162
accuracy	0.3397	0.3586	0.3586	0.3482	0.3604	0.2877	0.325	0.3523	0.3608	0.336	0.34273000000000003	0.021589583136318303
f1	0.2757	0.2986	0.3088	0.261	0.3121	0.251	0.2791	0.301	0.3053	0.2895	0.28820999999999997	0.019810121150563412
precision	0.4472	0.3254	0.419	0.3823	0.31	0.3208	0.4224	0.3546	0.2984	0.2955	0.35756	0.0535108624486655
recall	0.3397	0.3586	0.3586	0.3482	0.3604	0.2877	0.325	0.3523	0.3608	0.336	0.34273000000000003	0.021589583136318303
entropy	0.9148	0.4483	0.9256	0.8776	0.5165	0.6871	1.2323	0.5052	0.4637	0.3569	0.6927999999999999	0.2683458477413056
mean list for latex table
0.34273000000000003 &0.13675 &0.36895 &0.06366000000000001 &0.28820999999999997 &0.35756 &0.34273000000000003 &0.6927999999999999 &



H	0.0521	0.0401	0.0159	0.0545	0.0154	0.1169	0.0492	0.034
C	0.0887	0.0873	0.0993	0.0834	0.0624	0.1293	0.0917	0.0201
V	0.0656	0.0549	0.0274	0.0659	0.0246	0.1228	0.0602	0.0325
Ari	-0.0147	0.0011	-0.0037	0.0391	-0.0051	0.0611	0.013	0.0274
Ami	0.0616	0.0504	0.0212	0.0619	0.0187	0.1193	0.0555	0.0334
Nmi	0.0656	0.0549	0.0274	0.0659	0.0246	0.1228	0.0602	0.0325
purity	0.3035	0.3143	0.3083	0.3091	0.3028	0.3445	0.3138	0.0143
accuracy	0.2256	0.2962	0.2891	0.288	0.2751	0.2851	0.2765	0.0236
f1	0.179	0.2171	0.1534	0.228	0.1589	0.2702	0.2011	0.0414
precision	0.3481	0.2258	0.3888	0.3992	0.1892	0.3163	0.3112	0.0789
recall	0.2256	0.2962	0.2891	0.288	0.2751	0.2851	0.2765	0.0236
entropy	1.226	1.4173	2.0194	1.2725	1.7939	0.298	1.3378	0.5442
mean list for latex table
0.2765 &0.0602 &0.3138 &0.013 &0.2011 &0.3112 &0.2765 &1.3378 &


H	nan	nan
C	nan	nan
V	nan	nan
Ari	nan	nan
Ami	nan	nan
Nmi	nan	nan
purity	nan	nan
accuracy	nan	nan
f1	nan	nan
precision	nan	nan
recall	nan	nan
entropy	nan	nan
mean list for latex table
nan &nan &nan &nan &nan &nan &nan &nan &


H	0.3986	0.3986	0.0
C	0.3851	0.3851	0.0
V	0.3917	0.3917	0.0
Ari	0.287	0.287	0.0
Ami	0.3895	0.3895	0.0
Nmi	0.3917	0.3917	0.0
purity	0.5971	0.5971	0.0
accuracy	0.5258	0.5258	0.0
f1	0.5322	0.5322	0.0
precision	0.5813	0.5813	0.0
recall	0.5258	0.5258	0.0
entropy	0.0692	0.0692	0.0
mean list for latex table
0.5258 &0.3917 &0.5971 &0.287 &0.5322 &0.5813 &0.5258 &0.0692 &




H	nan	nan
C	nan	nan
V	nan	nan
Ari	nan	nan
Ami	nan	nan
Nmi	nan	nan
purity	nan	nan
accuracy	nan	nan
f1	nan	nan
precision	nan	nan
recall	nan	nan
entropy	nan	nan
mean list for latex table
nan &nan &nan &nan &nan &nan &nan &nan &
