

H	0.0755	0.0964	0.0681	0.08	0.011983599904313675
C	0.1024	0.1087	0.0836	0.09823333333333334	0.01066218655915485
V	0.0869	0.1022	0.075	0.08803333333333334	0.011133233532486818
Ari	0.044	0.0537	0.0031	0.0336	0.021927304135863728
Ami	0.0829	0.0987	0.0713	0.0843	0.011229722466146107
Nmi	0.0869	0.1022	0.075	0.08803333333333334	0.011133233532486818
purity	0.3578	0.3652	0.3106	0.34453333333333336	0.02418392487215884
accuracy	31.1669	30.096	24.8523	28.705066666666667	2.7591743865793537
f1	0.2689	0.2739	0.2397	0.2608333333333333	0.015082292781787365
precision	0.289	0.3076	0.2879	0.29483333333333334	0.009038559373902213
recall	0.3117	0.301	0.2485	0.28706666666666664	0.027618391617825158
entropy	0.4129	0.2481	0.2906	0.3172	0.0698590485668583
