H	0.5254	0.5085	0.4768	0.4768	0.0
C	0.4977	0.485	0.4503	0.4503	0.0
V	0.5112	0.4965	0.4632	0.4632	0.0
Ari	0.4294	0.3957	0.3841	0.3841	0.0
Ami	0.5094	0.4947	0.4613	0.4613	0.0
Nmi	0.5112	0.4965	0.4632	0.4632	0.0
purity	0.6931	0.6558	0.6444	0.6444	0.0
accuracy	66.8021	63.5894	64.0325	64.0325	0.0
f1	0.0802	0.0303	0.3169	0.3169	0.0
precision	0.0893	0.0324	0.3218	0.3218	0.0
H	0.5011	0.5289	0.4906	0.4906	0.0
C	0.4859	0.5058	0.4746	0.4746	0.0
V	0.4934	0.5171	0.4824	0.4824	0.0
Ari	0.465	0.456	0.4419	0.4419	0.0
Ami	0.4916	0.5154	0.4806	0.4806	0.0
Nmi	0.4934	0.5171	0.4824	0.4824	0.0
purity	0.6965	0.6998	0.6846	0.6846	0.0
accuracy	69.0547	68.6115	67.1344	67.1344	0.0
f1	0.1953	0.42	0.0451	0.0451	0.0
precision	0.1877	0.4453	0.0565	0.0565	0.0
H	0.4948	0.5139	0.4939	0.4939	0.0
C	0.4784	0.501	0.4737	0.4737	0.0
V	0.4865	0.5074	0.4836	0.4836	0.0
Ari	0.4409	0.4793	0.435	0.435	0.0
Ami	0.4846	0.5056	0.4818	0.4818	0.0
Nmi	0.4865	0.5074	0.4836	0.4836	0.0
purity	0.6872	0.7138	0.6843	0.6843	0.0
accuracy	67.1713	69.7563	67.356	67.356	0.0
f1	0.2723	0.1124	0.0503	0.0503	0.0
precision	0.2705	0.1089	0.0502	0.0502	0.0
H	0.4881	0.4881	0.0
C	0.4733	0.4733	0.0
V	0.4806	0.4806	0.0
Ari	0.4123	0.4123	0.0
Ami	0.4787	0.4787	0.0
Nmi	0.4806	0.4806	0.0
purity	0.6396	0.6396	0.0
accuracy	60.0812	60.0812	0.0
f1	0.5301	0.5301	0.0
precision	0.536	0.536	0.0


H	0.4221	0.4221	0.0
C	0.4008	0.4008	0.0
V	0.4112	0.4112	0.0
Ari	0.2815	0.2815	0.0
Ami	0.4091	0.4091	0.0
Nmi	0.4112	0.4112	0.0
purity	0.5901	0.5901	0.0
accuracy	52.9911	52.9911	0.0
f1	0.5021	0.5021	0.0
precision	0.5204	0.5204	0.0
recall	0.5416	0.5416	0.0


H	0.521	0.521	0.0
C	0.4936	0.4936	0.0
V	0.5069	0.5069	0.0
Ari	0.4137	0.4137	0.0
Ami	0.5051	0.5051	0.0
Nmi	0.5069	0.5069	0.0
purity	0.7219	0.7219	0.0
accuracy	62.777	62.777	0.0
f1	0.6159	0.6159	0.0
precision	0.6254	0.6254	0.0
recall	0.6511	0.6511	0.0


H	0.46	0.46	0.0
C	0.4451	0.4451	0.0
V	0.4524	0.4524	0.0
Ari	0.3878	0.3878	0.0
Ami	0.4504	0.4504	0.0
Nmi	0.4524	0.4524	0.0
purity	0.623	0.623	0.0
accuracy	61.5953	61.5953	0.0
f1	0.616	0.616	0.0
precision	0.616	0.616	0.0
recall	0.616	0.616	0.0


H	0.5023	0.5206	0.518	0.518	0.0
C	0.4779	0.5008	0.4947	0.4947	0.0
V	0.4898	0.5105	0.5061	0.5061	0.0
Ari	0.4015	0.4514	0.4379	0.4379	0.0
Ami	0.488	0.5088	0.5043	0.5043	0.0
Nmi	0.4898	0.5105	0.5061	0.5061	0.0
purity	0.6514	0.6913	0.6802	0.6802	0.0
accuracy	63.7001	66.5066	66.8759	66.8759	0.0
f1	0.637	0.6651	0.6688	0.6688	0.0
precision	0.637	0.6651	0.6688	0.6688	0.0
recall	0.637	0.6651	0.6688	0.6688	0.0


H	0.4854	0.5134	0.509	0.509	0.0
C	0.4619	0.488	0.4856	0.4856	0.0
V	0.4733	0.5004	0.497	0.497	0.0
Ari	0.4279	0.4368	0.4117	0.4117	0.0
Ami	0.4715	0.4986	0.4952	0.4952	0.0
Nmi	0.4733	0.5004	0.497	0.497	0.0
purity	0.6702	0.6891	0.6566	0.6566	0.0
accuracy	67.0236	65.3619	64.0694	64.0694	0.0
f1	0.6781	0.6719	0.6552	0.6552	0.0
precision	0.7159	0.7337	0.7218	0.7218	0.0
recall	0.6702	0.6536	0.6407	0.6407	0.0


H	0.4946	0.5138	0.5159	0.5159	0.0
C	0.4798	0.491	0.4937	0.4937	0.0
V	0.4871	0.5022	0.5046	0.5046	0.0
Ari	0.4233	0.4437	0.4239	0.4239	0.0
Ami	0.4853	0.5004	0.5028	0.5028	0.0
Nmi	0.4871	0.5022	0.5046	0.5046	0.0
purity	0.6573	0.695	0.6798	0.6798	0.0
accuracy	62.223	66.6544	64.7341	64.7341	0.0
f1	0.6303	0.6838	0.6579	0.6579	0.0
precision	0.6834	0.7364	0.7187	0.7187	0.0
recall	0.6222	0.6665	0.6473	0.6473	0.0
entropy	nan	nan	nan	nan	nan


H	0.5207	0.5207	0.0
C	0.497	0.497	0.0
V	0.5086	0.5086	0.0
Ari	0.4514	0.4514	0.0
Ami	0.5068	0.5068	0.0
Nmi	0.5086	0.5086	0.0
purity	0.6839	0.6839	0.0
accuracy	66.6174	66.6174	0.0
f1	0.6807	0.6807	0.0
precision	0.7368	0.7368	0.0
recall	0.6662	0.6662	0.0
entropy	0.0798	0.0798	0.0


H	0.4877	0.4935	0.4842	0.4842	0.0
C	0.4647	0.4666	0.4641	0.4641	0.0
V	0.4759	0.4797	0.4739	0.4739	0.0
Ari	0.4025	0.395	0.4179	0.4179	0.0
Ami	0.4741	0.4778	0.472	0.472	0.0
Nmi	0.4759	0.4797	0.4739	0.4739	0.0
purity	0.6536	0.6529	0.6573	0.6573	0.0
accuracy	63.6263	57.644	63.4417	63.4417	0.0
f1	0.6518	0.6021	0.6438	0.6438	0.0
precision	0.7114	0.6625	0.7011	0.7011	0.0
recall	0.6363	0.5764	0.6344	0.6344	0.0
entropy	0.0847	0.0753	0.0999	0.0999	0.0


H	0.488	0.505	0.4859	0.4929666666666666	0.00855193285494897
C	0.4646	0.4809	0.4618	0.4691	0.008421797116213775
V	0.476	0.4927	0.4735	0.4807333333333333	0.008523040667638669
Ari	0.3848	0.427	0.3803	0.39736666666666665	0.021034310595363516
Ami	0.4741	0.4909	0.4716	0.4788666666666667	0.00856984376883395
Nmi	0.476	0.4927	0.4735	0.4807333333333333	0.008523040667638669
purity	0.6145	0.6765	0.6388	0.6432666666666667	0.025507689472435972
accuracy	59.7858	66.2482	63.1462	63.060066666666664	2.638966673192788
f1	0.6097	0.6756	0.6433	0.6428666666666666	0.026905307200542326
precision	0.6755	0.736	0.7002	0.7039	0.02483720327787866
recall	0.5979	0.6625	0.6315	0.6306333333333333	0.026379958722905956
entropy	0.1027	0.0899	0.0866	0.09306666666666667	0.006943742186714278


H	0.4874	0.4874	0.0
C	0.4648	0.4648	0.0
V	0.4758	0.4758	0.0
Ari	0.3767	0.3767	0.0
Ami	0.4739	0.4739	0.0
Nmi	0.4758	0.4758	0.0
purity	0.675	0.675	0.0
accuracy	0.5979	0.5979	0.0
f1	0.6023	0.6023	0.0
precision	0.668	0.668	0.0
recall	0.5979	0.5979	0.0
entropy	0.0943	0.0943	0.0
mean list for latex table
0.5979 &0.4758 &0.675 &0.3767 &0.6023 &0.668 &0.5979 &0.0943 &


H	0.5115	0.5115	0.0
C	0.489	0.489	0.0
V	0.5	0.5	0.0
Ari	0.4258	0.4258	0.0
Ami	0.4982	0.4982	0.0
Nmi	0.5	0.5	0.0
purity	0.6669	0.6669	0.0
accuracy	0.6219	0.6219	0.0
f1	0.648	0.648	0.0
precision	0.71	0.71	0.0
recall	0.6219	0.6219	0.0
entropy	0.068	0.068	0.0
mean list for latex table
0.6219 &0.5 &0.6669 &0.4258 &0.648 &0.71 &0.6219 &0.068 &


H	0.4426	0.4426	0.0
C	0.437	0.437	0.0
V	0.4398	0.4398	0.0
Ari	0.3607	0.3607	0.0
Ami	0.4377	0.4377	0.0
Nmi	0.4398	0.4398	0.0
purity	0.606	0.606	0.0
accuracy	0.596	0.596	0.0
f1	0.5905	0.5905	0.0
precision	0.7049	0.7049	0.0
recall	0.596	0.596	0.0
entropy	0.2356	0.2356	0.0
mean list for latex table
0.596 &0.4398 &0.606 &0.3607 &0.5905 &0.7049 &0.596 &0.2356 &


H	0.5308	0.5308	0.0
C	0.536	0.536	0.0
V	0.5334	0.5334	0.0
Ari	0.4703	0.4703	0.0
Ami	0.5317	0.5317	0.0
Nmi	0.5334	0.5334	0.0
purity	0.7127	0.7127	0.0
accuracy	0.7127	0.7127	0.0
f1	0.7112	0.7112	0.0
precision	0.7738	0.7738	0.0
recall	0.7127	0.7127	0.0
entropy	0.0975	0.0975	0.0
mean list for latex table
0.7127 &0.5334 &0.7127 &0.4703 &0.7112 &0.7738 &0.7127 &0.0975 &


H	0.508	0.508	0.0
C	0.4827	0.4827	0.0
V	0.495	0.495	0.0
Ari	0.4228	0.4228	0.0
Ami	0.4932	0.4932	0.0
Nmi	0.495	0.495	0.0
purity	0.6558	0.6558	0.0
accuracy	0.6558	0.6558	0.0
f1	0.6684	0.6684	0.0
precision	0.7211	0.7211	0.0
recall	0.6558	0.6558	0.0
entropy	0.0691	0.0691	0.0
mean list for latex table
0.6558 &0.495 &0.6558 &0.4228 &0.6684 &0.7211 &0.6558 &0.0691 &


H	0.5226	0.5226	0.0
C	0.496	0.496	0.0
V	0.509	0.509	0.0
Ari	0.4096	0.4096	0.0
Ami	0.5072	0.5072	0.0
Nmi	0.509	0.509	0.0
purity	0.6673	0.6673	0.0
accuracy	0.5705	0.5705	0.0
f1	0.5948	0.5948	0.0
precision	0.6911	0.6911	0.0
recall	0.5705	0.5705	0.0
entropy	0.1314	0.1314	0.0
mean list for latex table
0.5705 &0.509 &0.6673 &0.4096 &0.5948 &0.6911 &0.5705 &0.1314 &


H	0.5086	0.5064	0.5085	0.5078	0.001
C	0.4872	0.4847	0.4845	0.4855	0.0012
V	0.4977	0.4953	0.4962	0.4964	0.001
Ari	0.4203	0.4366	0.4115	0.4228	0.0104
Ami	0.4959	0.4935	0.4944	0.4946	0.001
Nmi	0.4977	0.4953	0.4962	0.4964	0.001
purity	0.6662	0.6769	0.6643	0.6691	0.0055
accuracy	0.6462	0.664	0.6503	0.6535	0.0076
f1	0.6606	0.6748	0.6657	0.667	0.0059
precision	0.7263	0.729	0.7352	0.7302	0.0037
recall	0.6462	0.664	0.6503	0.6535	0.0076
entropy	0.0992	0.0875	0.0998	0.0955	0.0057
mean list for latex table
0.6535 &0.4964 &0.6691 &0.4228 &0.667 &0.7302 &0.6535 &0.0955 &


H	0.5094	0.5789	0.5081	0.5156	0.5096	0.5193	0.504	0.5042	0.5421	0.5249	0.5216	0.022
C	0.4968	0.5538	0.483	0.4945	0.4864	0.496	0.48	0.4817	0.5208	0.4979	0.4991	0.0214
V	0.503	0.566	0.4952	0.5048	0.4978	0.5074	0.4917	0.4927	0.5313	0.5111	0.5101	0.0216
Ari	0.4409	0.5062	0.4167	0.4303	0.4454	0.4362	0.4101	0.3977	0.4768	0.4571	0.4417	0.0306
Ami	0.5012	0.5645	0.4934	0.5031	0.496	0.5056	0.4899	0.4909	0.5296	0.5093	0.5084	0.0217
Nmi	0.503	0.566	0.4952	0.5048	0.4978	0.5074	0.4917	0.4927	0.5313	0.5111	0.5101	0.0216
purity	0.6942	0.7611	0.6695	0.6776	0.6773	0.6817	0.661	0.6983	0.7057	0.7016	0.6928	0.0266
accuracy	0.6813	0.7094	0.6617	0.6599	0.6684	0.6625	0.6529	0.6274	0.6861	0.7016	0.6711	0.0229
f1	0.6811	0.726	0.6734	0.6711	0.6842	0.6785	0.667	0.6354	0.7001	0.7086	0.6825	0.0236
precision	0.7145	0.7795	0.7345	0.7382	0.7362	0.744	0.7227	0.703	0.7559	0.7513	0.738	0.0207
recall	0.6813	0.7094	0.6617	0.6599	0.6684	0.6625	0.6529	0.6274	0.6861	0.7016	0.6711	0.0229
entropy	0.0501	0.0568	0.0873	0.109	0.0713	0.0951	0.0829	0.0884	0.0871	0.0495	0.0778	0.0191
mean list for latex table
0.6711 &0.5101 &0.6928 &0.4417 &0.6825 &0.738 &0.6711 &0.0778 &


H	0.5366	0.5366	0.0
C	0.5152	0.5152	0.0
V	0.5257	0.5257	0.0
Ari	0.4731	0.4731	0.0
Ami	0.524	0.524	0.0
Nmi	0.5257	0.5257	0.0
purity	0.7042	0.7042	0.0
accuracy	0.6769	0.6769	0.0
f1	0.6942	0.6942	0.0
precision	0.7424	0.7424	0.0
recall	0.6769	0.6769	0.0
entropy	0.0468	0.0468	0.0
mean list for latex table
0.6769 &0.5257 &0.7042 &0.4731 &0.6942 &0.7424 &0.6769 &0.0468 &


H	0.4725	0.4725	0.0
C	0.4471	0.4471	0.0
V	0.4594	0.4594	0.0
Ari	0.3576	0.3576	0.0
Ami	0.4575	0.4575	0.0
Nmi	0.4594	0.4594	0.0
purity	0.6558	0.6558	0.0
accuracy	0.5639	0.5639	0.0
f1	0.5882	0.5882	0.0
precision	0.6774	0.6774	0.0
recall	0.5639	0.5639	0.0
entropy	0.1135	0.1135	0.0
mean list for latex table
0.5639 &0.4594 &0.6558 &0.3576 &0.5882 &0.6774 &0.5639 &0.1135 &


H	0.5366	0.5366	0.0
C	0.5152	0.5152	0.0
V	0.5257	0.5257	0.0
Ari	0.4731	0.4731	0.0
Ami	0.524	0.524	0.0
Nmi	0.5257	0.5257	0.0
purity	0.7042	0.7042	0.0
accuracy	0.6769	0.6769	0.0
f1	0.6942	0.6942	0.0
precision	0.7424	0.7424	0.0
recall	0.6769	0.6769	0.0
entropy	0.0468	0.0468	0.0
mean list for latex table
0.6769 &0.5257 &0.7042 &0.4731 &0.6942 &0.7424 &0.6769 &0.0468 &


H	0.4771	0.4771	0.0
C	0.4511	0.4511	0.0
V	0.4638	0.4638	0.0
Ari	0.3988	0.3988	0.0
Ami	0.4618	0.4618	0.0
Nmi	0.4638	0.4638	0.0
purity	0.6429	0.6429	0.0
accuracy	0.6222	0.6222	0.0
f1	0.6408	0.6408	0.0
precision	0.7005	0.7005	0.0
recall	0.6222	0.6222	0.0
entropy	0.074	0.074	0.0
mean list for latex table
0.6222 &0.4638 &0.6429 &0.3988 &0.6408 &0.7005 &0.6222 &0.074 &


H	0.5082	0.5082	0.0
C	0.4848	0.4848	0.0
V	0.4963	0.4963	0.0
Ari	0.4222	0.4222	0.0
Ami	0.4944	0.4944	0.0
Nmi	0.4963	0.4963	0.0
purity	0.6713	0.6713	0.0
accuracy	0.6595	0.6595	0.0
f1	0.6706	0.6706	0.0
precision	0.7383	0.7383	0.0
recall	0.6595	0.6595	0.0
entropy	0.104	0.104	0.0
mean list for latex table
0.6595 &0.4963 &0.6713 &0.4222 &0.6706 &0.7383 &0.6595 &0.104 &


H	0.4962	0.4962	0.0
C	0.4735	0.4735	0.0
V	0.4846	0.4846	0.0
Ari	0.4029	0.4029	0.0
Ami	0.4827	0.4827	0.0
Nmi	0.4846	0.4846	0.0
purity	0.6503	0.6503	0.0
accuracy	0.6304	0.6304	0.0
f1	0.6442	0.6442	0.0
precision	0.7051	0.7051	0.0
recall	0.6304	0.6304	0.0
entropy	0.0947	0.0947	0.0
mean list for latex table
0.6304 &0.4846 &0.6503 &0.4029 &0.6442 &0.7051 &0.6304 &0.0947 &


H	0.5153	0.5099	0.5138	0.5074	0.5317	0.5069	0.4918	0.5009	0.4886	0.517	0.5103	0.5055	0.4888	0.4829	0.5178	0.5348	0.4815	0.5005	0.5061	0.5186	0.5266	0.5205	0.5266	0.509	0.5228	0.4869	0.5049	0.5058	0.5117	0.5174	0.5087	0.0138
C	0.495	0.4885	0.4887	0.4855	0.5054	0.4835	0.4756	0.481	0.4637	0.4915	0.4863	0.4811	0.467	0.4575	0.4954	0.5122	0.4569	0.4756	0.4802	0.493	0.5027	0.4942	0.5	0.4873	0.4981	0.4626	0.4817	0.486	0.4876	0.4956	0.4853	0.0135
V	0.5049	0.499	0.5009	0.4962	0.5182	0.4949	0.4836	0.4907	0.4758	0.5039	0.498	0.493	0.4777	0.4699	0.5063	0.5232	0.4689	0.4877	0.4928	0.5055	0.5143	0.507	0.5129	0.4979	0.5102	0.4745	0.493	0.4957	0.4994	0.5063	0.4967	0.0136
Ari	0.4506	0.4332	0.4288	0.437	0.4322	0.4261	0.432	0.436	0.3854	0.4605	0.4466	0.4219	0.4088	0.3698	0.4353	0.4731	0.3695	0.4341	0.4151	0.4537	0.4102	0.4298	0.4591	0.4338	0.428	0.3917	0.4237	0.4506	0.4151	0.4368	0.4276	0.0242
Ami	0.5032	0.4972	0.4991	0.4944	0.5165	0.4931	0.4817	0.4889	0.4739	0.5021	0.4962	0.4911	0.4758	0.468	0.5046	0.5215	0.467	0.4859	0.491	0.5037	0.5126	0.5052	0.5112	0.4961	0.5084	0.4726	0.4912	0.4939	0.4976	0.5045	0.4949	0.0137
Nmi	0.5049	0.499	0.5009	0.4962	0.5182	0.4949	0.4836	0.4907	0.4758	0.5039	0.498	0.493	0.4777	0.4699	0.5063	0.5232	0.4689	0.4877	0.4928	0.5055	0.5143	0.507	0.5129	0.4979	0.5102	0.4745	0.493	0.4957	0.4994	0.5063	0.4967	0.0136
purity	0.6765	0.6798	0.6761	0.688	0.6761	0.6695	0.7016	0.6824	0.6569	0.7053	0.6795	0.6684	0.6422	0.6739	0.6861	0.7013	0.6787	0.6813	0.6702	0.7024	0.6846	0.6905	0.7127	0.6736	0.6817	0.6514	0.668	0.6843	0.6658	0.6773	0.6795	0.0153
accuracy	0.6289	0.6577	0.6684	0.6584	0.6758	0.6514	0.64	0.6684	0.6569	0.7053	0.6795	0.6581	0.6296	0.5727	0.6658	0.6861	0.5742	0.6518	0.6651	0.7024	0.6156	0.6422	0.7127	0.6584	0.6747	0.6422	0.6573	0.6677	0.6455	0.6606	0.6558	0.0306
f1	0.6445	0.6762	0.6843	0.6692	0.6904	0.6656	0.6541	0.6815	0.6581	0.715	0.6921	0.6757	0.6446	0.5918	0.6805	0.7	0.5882	0.6718	0.6817	0.7123	0.6316	0.6582	0.7182	0.6717	0.6853	0.6564	0.6728	0.681	0.6614	0.6811	0.6698	0.0291
precision	0.6826	0.73	0.7463	0.7302	0.7545	0.7246	0.7091	0.7332	0.7245	0.7556	0.7421	0.7375	0.709	0.6866	0.7482	0.7589	0.6951	0.7251	0.7458	0.756	0.6982	0.7216	0.7602	0.729	0.7379	0.7203	0.7315	0.7211	0.729	0.745	0.7296	0.0205
recall	0.6289	0.6577	0.6684	0.6584	0.6758	0.6514	0.64	0.6684	0.6569	0.7053	0.6795	0.6581	0.6296	0.5727	0.6658	0.6861	0.5742	0.6518	0.6651	0.7024	0.6156	0.6422	0.7127	0.6584	0.6747	0.6422	0.6573	0.6677	0.6455	0.6606	0.6558	0.0306
entropy	0.0351	0.0541	0.086	0.1003	0.0884	0.0862	0.0671	0.0813	0.0927	0.0518	0.0679	0.0825	0.0962	0.1234	0.0995	0.0904	0.1514	0.064	0.0869	0.0564	0.0821	0.0704	0.0519	0.0896	0.08	0.0923	0.0835	0.0389	0.0974	0.088	0.0812	0.0233
mean list for latex table
0.6841 &0.5109 &0.6957 &0.4504 &0.6961 &0.7513 &0.6841 &0.1033 &


H	0.5174	0.5174	0.0
C	0.4937	0.4937	0.0
V	0.5052	0.5052	0.0
Ari	0.4391	0.4391	0.0
Ami	0.5035	0.5035	0.0
Nmi	0.5052	0.5052	0.0
purity	0.6765	0.6765	0.0
accuracy	0.6677	0.6677	0.0
f1	0.6836	0.6836	0.0
precision	0.7434	0.7434	0.0
recall	0.6677	0.6677	0.0
entropy	0.0846	0.0846	0.0
mean list for latex table
0.6677 &0.5052 &0.6765 &0.4391 &0.6836 &0.7434 &0.6677 &0.0846 &


H	0.5282	0.5282	0.0
C	0.5041	0.5041	0.0
V	0.5159	0.5159	0.0
Ari	0.4476	0.4476	0.0
Ami	0.5141	0.5141	0.0
Nmi	0.5159	0.5159	0.0
purity	0.6828	0.6828	0.0
accuracy	0.6688	0.6688	0.0
f1	0.6853	0.6853	0.0
precision	0.7471	0.7471	0.0
recall	0.6688	0.6688	0.0
entropy	0.0866	0.0866	0.0
mean list for latex table
0.6688 &0.5159 &0.6828 &0.4476 &0.6853 &0.7471 &0.6688 &0.0866 &


H	0.5205	0.5205	0.0
C	0.4967	0.4967	0.0
V	0.5083	0.5083	0.0
Ari	0.4299	0.4299	0.0
Ami	0.5066	0.5066	0.0
Nmi	0.5083	0.5083	0.0
purity	0.6647	0.6647	0.0
accuracy	0.6016	0.6016	0.0
f1	0.6245	0.6245	0.0
precision	0.7015	0.7015	0.0
recall	0.6016	0.6016	0.0
entropy	0.0895	0.0895	0.0
mean list for latex table
0.6016 &0.5083 &0.6647 &0.4299 &0.6245 &0.7015 &0.6016 &0.0895 &


H	0.5366	0.5366	0.0
C	0.5152	0.5152	0.0
V	0.5257	0.5257	0.0
Ari	0.4731	0.4731	0.0
Ami	0.524	0.524	0.0
Nmi	0.5257	0.5257	0.0
purity	0.7042	0.7042	0.0
accuracy	0.6769	0.6769	0.0
f1	0.6942	0.6942	0.0
precision	0.7424	0.7424	0.0
recall	0.6769	0.6769	0.0
entropy	0.0468	0.0468	0.0
mean list for latex table
0.6769 &0.5257 &0.7042 &0.4731 &0.6942 &0.7424 &0.6769 &0.0468 &


H	0.5366	0.5211	0.5539	0.5372	0.0134
C	0.5152	0.4975	0.5294	0.514	0.013
V	0.5257	0.509	0.5414	0.5254	0.0132
Ari	0.4731	0.4214	0.4672	0.4539	0.0231
Ami	0.524	0.5072	0.5397	0.5236	0.0133
Nmi	0.5257	0.509	0.5414	0.5254	0.0132
purity	0.7042	0.6902	0.7467	0.7137	0.024
accuracy	0.6769	0.6433	0.6832	0.6678	0.0175
f1	0.6942	0.6549	0.6968	0.682	0.0192
precision	0.7424	0.716	0.7608	0.7397	0.0184
recall	0.6769	0.6433	0.6832	0.6678	0.0175
entropy	0.0468	0.0742	0.0752	0.0654	0.0132
mean list for latex table
0.6678 &0.5254 &0.7137 &0.4539 &0.682 &0.7397 &0.6678 &0.0654 &


H	0.5366	0.5211	0.5539	0.452	0.5088	0.5186	0.5029	0.478	0.5349	0.4848	0.5092	0.0292
C	0.5152	0.4975	0.5294	0.4308	0.4841	0.4936	0.481	0.4545	0.5124	0.4614	0.486	0.0288
V	0.5257	0.509	0.5414	0.4412	0.4962	0.5058	0.4917	0.4659	0.5234	0.4728	0.4973	0.029
Ari	0.4731	0.4214	0.4672	0.3801	0.4103	0.435	0.4301	0.3704	0.4681	0.3913	0.4247	0.0353
Ami	0.524	0.5072	0.5397	0.4392	0.4944	0.504	0.4899	0.464	0.5217	0.4709	0.4955	0.0291
Nmi	0.5257	0.509	0.5414	0.4412	0.4962	0.5058	0.4917	0.4659	0.5234	0.4728	0.4973	0.029
purity	0.7042	0.6902	0.7467	0.5997	0.6558	0.6802	0.6739	0.64	0.7031	0.6455	0.6739	0.0389
accuracy	0.6769	0.6433	0.6832	0.5809	0.6422	0.6654	0.6577	0.6304	0.6809	0.6374	0.6498	0.0292
f1	0.6942	0.6549	0.6968	0.5865	0.6589	0.6768	0.6733	0.6381	0.6998	0.6493	0.6629	0.0324
precision	0.7424	0.716	0.7608	0.6389	0.7279	0.7383	0.7327	0.6968	0.7605	0.7016	0.7216	0.0344
recall	0.6769	0.6433	0.6832	0.5809	0.6422	0.6654	0.6577	0.6304	0.6809	0.6374	0.6498	0.0292
entropy	0.0468	0.0742	0.0752	0.0826	0.0982	0.092	0.0892	0.097	0.0871	0.0785	0.0821	0.0142
mean list for latex table
0.6498 &0.4973 &0.6739 &0.4247 &0.6629 &0.7216 &0.6498 &0.0821 &


H	0.5366	0.5366	0.0
C	0.5152	0.5152	0.0
V	0.5257	0.5257	0.0
Ari	0.4731	0.4731	0.0
Ami	0.524	0.524	0.0
Nmi	0.5257	0.5257	0.0
purity	0.7042	0.7042	0.0
accuracy	0.6769	0.6769	0.0
f1	0.6769	0.6769	0.0
precision	0.6769	0.6769	0.0
recall	0.6769	0.6769	0.0
entropy	0.0468	0.0468	0.0
mean list for latex table
0.6769 &0.5257 &0.7042 &0.4731 &0.6769 &0.6769 &0.6769 &0.0468 &


H	0.5366	0.5211	0.5288	0.0077
C	0.5152	0.4975	0.5064	0.0088
V	0.5257	0.509	0.5174	0.0083
Ari	0.4731	0.4214	0.4472	0.0259
Ami	0.524	0.5072	0.5156	0.0084
Nmi	0.5257	0.509	0.5174	0.0083
purity	0.7042	0.6902	0.6972	0.007
accuracy	0.6769	0.6433	0.6601	0.0168
f1	0.6769	0.6433	0.6601	0.0168
precision	0.6769	0.6433	0.6601	0.0168
recall	0.6769	0.6433	0.6601	0.0168
entropy	0.0468	0.0742	0.0605	0.0137
mean list for latex table
0.6601 &0.5174 &0.6972 &0.4472 &0.6601 &0.6601 &0.6601 &0.0605 &


H	0.5366	0.5211	0.5288	0.0077
C	0.5152	0.4975	0.5064	0.0088
V	0.5257	0.509	0.5174	0.0083
Ari	0.4731	0.4214	0.4472	0.0259
Ami	0.524	0.5072	0.5156	0.0084
Nmi	0.5257	0.509	0.5174	0.0083
purity	0.7042	0.6902	0.6972	0.007
accuracy	0.6769	0.6433	0.6601	0.0168
f1	0.641	0.6205	0.6308	0.0102
precision	0.6498	0.6287	0.6393	0.0106
recall	0.6579	0.6486	0.6532	0.0047
entropy	0.0468	0.0742	0.0605	0.0137
mean list for latex table
0.6601 &0.5174 &0.6972 &0.4472 &0.6308 &0.6393 &0.6532 &0.0605 &


H	0.5366	0.5211	0.5288	0.0077
C	0.5152	0.4975	0.5064	0.0088
V	0.5257	0.509	0.5174	0.0083
Ari	0.4731	0.4214	0.4472	0.0259
Ami	0.524	0.5072	0.5156	0.0084
Nmi	0.5257	0.509	0.5174	0.0083
purity	0.7042	0.6902	0.6972	0.007
accuracy	0.6769	0.6433	0.6601	0.0168
f1	0.641	0.6205	0.6308	0.0102
precision	0.6498	0.6287	0.6393	0.0106
recall	0.6579	0.6486	0.6532	0.0047
entropy	0.0468	0.0742	0.0605	0.0137
mean list for latex table
0.6601 &0.5174 &0.6972 &0.4472 &0.6308 &0.6393 &0.6532 &0.0605 &


H	0.5366	0.5211	0.5288	0.0077
C	0.5152	0.4975	0.5064	0.0088
V	0.5257	0.509	0.5174	0.0083
Ari	0.4731	0.4214	0.4472	0.0259
Ami	0.524	0.5072	0.5156	0.0084
Nmi	0.5257	0.509	0.5174	0.0083
purity	0.7042	0.6902	0.6972	0.007
accuracy	0.6769	0.6433	0.6601	0.0168
f1	0.6942	0.6549	0.6746	0.0196
precision	0.7424	0.716	0.7292	0.0132
recall	0.6769	0.6433	0.6601	0.0168
entropy	0.0468	0.0742	0.0605	0.0137
mean list for latex table
0.6601 &0.5174 &0.6972 &0.4472 &0.6746 &0.7292 &0.6601 &0.0605 &


H	0.5366	0.5366	0.0
C	0.5152	0.5152	0.0
V	0.5257	0.5257	0.0
Ari	0.4731	0.4731	0.0
Ami	0.524	0.524	0.0
Nmi	0.5257	0.5257	0.0
purity	0.7042	0.7042	0.0
accuracy	0.6769	0.6769	0.0
f1	0.6942	0.6942	0.0
precision	0.7424	0.7424	0.0
recall	0.6769	0.6769	0.0
entropy	0.0468	0.0468	0.0
mean list for latex table
0.6769 &0.5257 &0.7042 &0.4731 &0.6942 &0.7424 &0.6769 &0.0468 &
