

H	0.4647	0.4647	0.0
C	0.4439	0.4439	0.0
V	0.4541	0.4541	0.0
Ari	0.4121	0.4121	0.0
Ami	0.4521	0.4521	0.0
Nmi	0.4541	0.4541	0.0
purity	0.6573	0.6573	0.0
accuracy	0.6366	0.6366	0.0
f1	0.6554	0.6554	0.0
precision	0.6948	0.6948	0.0


H	0.5041	0.5041	0.0
C	0.4835	0.4835	0.0
V	0.4936	0.4936	0.0
Ari	0.4348	0.4348	0.0
Ami	0.4918	0.4918	0.0
Nmi	0.4936	0.4936	0.0
purity	0.6747	0.6747	0.0
accuracy	0.6562	0.6562	0.0
f1	0.6783	0.6783	0.0
precision	0.7335	0.7335	0.0
recall	0.6562	0.6562	0.0
entropy	0.0721	0.0721	0.0
