H	0.0042	0.0508	0.1481	0.1481	0.0
C	0.2145	0.1131	0.2003	0.2003	0.0
V	0.0082	0.0701	0.1703	0.1703	0.0
Ari	0.0003	0.0496	0.0738	0.0738	0.0
Ami	0.0026	0.0666	0.1669	0.1669	0.0
Nmi	0.0082	0.0701	0.1703	0.1703	0.0
purity	0.3054	0.3024	0.4077	0.4077	0.0
accuracy	30.4653	29.099	36.0044	36.0044	0.0
f1	0.0309	0.0918	0.1015	0.1015	0.0
precision	0.1585	0.205	0.2531	0.2531	0.0


H	0.0514	0.0042	0.1484	0.0157	0.168	0.0025	0.0066	0.0977	0.0593	0.0582	0.0612	0.0567
C	0.1399	0.2493	0.1434	0.053	0.2395	0.229	0.1716	0.2294	0.1007	0.2117	0.1768	0.0629
V	0.0751	0.0082	0.1459	0.0242	0.1975	0.0049	0.0128	0.1371	0.0746	0.0913	0.0772	0.0632
Ari	0.0529	0.0009	0.1013	-0.0056	0.0939	0.0004	-0.0052	0.0132	0.0212	0.0214	0.0294	0.0379
Ami	0.0716	0.0029	0.1428	0.0201	0.1943	0.0005	0.0075	0.1331	0.0708	0.0871	0.0731	0.0638
Nmi	0.0751	0.0082	0.1459	0.0242	0.1975	0.0049	0.0128	0.1371	0.0746	0.0913	0.0772	0.0632
purity	0.3028	0.3058	0.4021	0.3032	0.4014	0.3039	0.3028	0.3353	0.3024	0.3501	0.331	0.0387
accuracy	0.2925	0.305	0.3578	0.2825	0.3855	0.3028	0.2939	0.3161	0.2626	0.3346	0.3133	0.0349
f1	0.1794	0.1464	0.39	0.1743	0.3621	0.1424	0.1397	0.2776	0.2318	0.2228	0.2266	0.0859
precision	0.2393	0.5934	0.4805	0.2831	0.5787	0.4111	0.3238	0.509	0.3294	0.2774	0.4026	0.1237
recall	0.2925	0.305	0.3578	0.2825	0.3855	0.3028	0.2939	0.3161	0.2626	0.3346	0.3133	0.0349
entropy	2.8831	3.3495	0.164	2.6663	0.9802	3.686	3.0745	1.8133	1.7265	2.1695	2.2513	1.0469
mean list for latex table
0.3133 &0.0772 &0.331 &0.0294 &0.2266 &0.4026 &0.3133 &2.2513 &


H	0.0838	0.0489	0.0599	0.0048	0.1078	0.0617	0.0558	0.1141	0.0522	0.0524	0.0641	0.0299
C	0.213	0.0723	0.1028	0.217	0.1875	0.2067	0.0968	0.1377	0.1417	0.1403	0.1516	0.0495
V	0.1203	0.0584	0.0757	0.0095	0.1369	0.095	0.0708	0.1248	0.0763	0.0763	0.0844	0.0353
Ari	0.0065	0.0405	0.0254	-0.0	0.0664	-0.0055	0.0601	0.0722	0.0534	0.0532	0.0372	0.0272
Ami	0.1164	0.0551	0.0721	0.0036	0.1331	0.091	0.0674	0.1216	0.0726	0.0722	0.0805	0.0358
Nmi	0.1203	0.0584	0.0757	0.0095	0.1369	0.095	0.0708	0.1248	0.0763	0.0763	0.0844	0.0353
purity	0.325	0.3032	0.305	0.3047	0.3405	0.305	0.329	0.3541	0.3043	0.3035	0.3174	0.0176
accuracy	0.3028	0.2581	0.2655	0.3021	0.3246	0.2788	0.3043	0.3482	0.2943	0.2943	0.2973	0.0252
f1	0.2564	0.2023	0.2352	0.144	0.2628	0.2154	0.2185	0.331	0.1826	0.1827	0.2231	0.0495
precision	0.5085	0.329	0.4886	0.2652	0.3707	0.5798	0.3018	0.4796	0.5511	0.3984	0.4273	0.1036
recall	0.3028	0.2581	0.2655	0.3021	0.3246	0.2788	0.3043	0.3482	0.2943	0.2943	0.2973	0.0252
entropy	2.0245	1.5241	1.8254	3.3188	1.8135	2.7209	2.2951	0.9059	2.7133	2.5626	2.1704	0.6611
mean list for latex table
0.2973 &0.0844 &0.3174 &0.0372 &0.2231 &0.4273 &0.2973 &2.1704 &


H	0.069	0.069	0.0
C	0.1098	0.1098	0.0
V	0.0847	0.0847	0.0
Ari	0.0389	0.0389	0.0
Ami	0.0809	0.0809	0.0
Nmi	0.0847	0.0847	0.0
purity	0.3213	0.3213	0.0
accuracy	0.2674	0.2674	0.0
f1	0.2046	0.2046	0.0
precision	0.2519	0.2519	0.0
recall	0.2674	0.2674	0.0
entropy	1.2012	1.2012	0.0
mean list for latex table
0.2674 &0.0847 &0.3213 &0.0389 &0.2046 &0.2519 &0.2674 &1.2012 &


H	0.0128	0.0128	0.0
C	0.0486	0.0486	0.0
V	0.0202	0.0202	0.0
Ari	0.0059	0.0059	0.0
Ami	0.016	0.016	0.0
Nmi	0.0202	0.0202	0.0
purity	0.3043	0.3043	0.0
accuracy	0.2792	0.2792	0.0
f1	0.16	0.16	0.0
precision	0.5026	0.5026	0.0
recall	0.2792	0.2792	0.0
entropy	2.912	2.912	0.0
mean list for latex table
0.2792 &0.0202 &0.3043 &0.0059 &0.16 &0.5026 &0.2792 &2.912 &


H	0.16	0.16	0.0
C	0.2008	0.2008	0.0
V	0.1781	0.1781	0.0
Ari	0.0852	0.0852	0.0
Ami	0.1748	0.1748	0.0
Nmi	0.1781	0.1781	0.0
purity	0.3988	0.3988	0.0
accuracy	0.3944	0.3944	0.0
f1	0.3745	0.3745	0.0
precision	0.4213	0.4213	0.0
recall	0.3944	0.3944	0.0
entropy	0.8059	0.8059	0.0
mean list for latex table
0.3944 &0.1781 &0.3988 &0.0852 &0.3745 &0.4213 &0.3944 &0.8059 &


H	0.0152	0.0152	0.0
C	0.0519	0.0519	0.0
V	0.0235	0.0235	0.0
Ari	-0.0057	-0.0057	0.0
Ami	0.0198	0.0198	0.0
Nmi	0.0235	0.0235	0.0
purity	0.3024	0.3024	0.0
accuracy	0.2821	0.2821	0.0
f1	0.1741	0.1741	0.0
precision	0.2086	0.2086	0.0
recall	0.2821	0.2821	0.0
entropy	2.7576	2.7576	0.0
mean list for latex table
0.2821 &0.0235 &0.3024 &-0.0057 &0.1741 &0.2086 &0.2821 &2.7576 &


H	0.1344	0.1344	0.0
C	0.1543	0.1543	0.0
V	0.1437	0.1437	0.0
Ari	0.1072	0.1072	0.0
Ami	0.1402	0.1402	0.0
Nmi	0.1437	0.1437	0.0
purity	0.401	0.401	0.0
accuracy	0.3648	0.3648	0.0
f1	0.3468	0.3468	0.0
precision	0.3438	0.3438	0.0
recall	0.3648	0.3648	0.0
entropy	0.3673	0.3673	0.0
mean list for latex table
0.3648 &0.1437 &0.401 &0.1072 &0.3468 &0.3438 &0.3648 &0.3673 &


H	0.0037	0.0037	0.0
C	0.2219	0.2219	0.0
V	0.0073	0.0073	0.0
Ari	0.0003	0.0003	0.0
Ami	0.0019	0.0019	0.0
Nmi	0.0073	0.0073	0.0
purity	0.3043	0.3043	0.0
accuracy	0.3028	0.3028	0.0
f1	0.1437	0.1437	0.0
precision	0.3326	0.3326	0.0
recall	0.3028	0.3028	0.0
entropy	3.3652	3.3652	0.0
mean list for latex table
0.3028 &0.0073 &0.3043 &0.0003 &0.1437 &0.3326 &0.3028 &3.3652 &
