

H	0.1443	0.104	0.1485	0.2588	0.0534	0.1557	0.1495	0.159	0.1923	0.1329	0.1498	0.0505
C	0.1489	0.1012	0.1477	0.3054	0.082	0.1541	0.2258	0.3518	0.2054	0.1367	0.1859	0.0825
V	0.1466	0.1026	0.1481	0.2802	0.0646	0.1549	0.1799	0.219	0.1986	0.1348	0.1629	0.0575
Ari	0.0862	0.0744	0.0893	0.161	0.0364	0.0696	0.1167	0.0496	0.1044	0.0798	0.0867	0.0334
Ami	0.1434	0.0993	0.145	0.2773	0.0608	0.1518	0.1763	0.2158	0.1956	0.1315	0.1597	0.0577
Nmi	0.1466	0.1026	0.1481	0.2802	0.0646	0.1549	0.1799	0.219	0.1986	0.1348	0.1629	0.0575
purity	0.4029	0.3401	0.3796	0.503	0.3035	0.4021	0.4165	0.397	0.4151	0.3689	0.3929	0.0499
accuracy	0.3412	0.2991	0.3161	0.4867	0.2655	0.2847	0.4062	0.3589	0.3796	0.3072	0.3445	0.0629
f1	0.3666	0.3157	0.3476	0.4934	0.21	0.3054	0.3508	0.3209	0.3905	0.3076	0.3408	0.0686
precision	0.4895	0.3969	0.4915	0.5984	0.2772	0.4537	0.5745	0.5187	0.4925	0.3789	0.4672	0.0906
recall	0.3412	0.2991	0.3161	0.4867	0.2655	0.2847	0.4062	0.3589	0.3796	0.3072	0.3445	0.0629
entropy	0.2116	0.1426	0.233	0.3597	1.1584	0.2614	1.1265	2.1664	0.1997	0.2266	0.6086	0.6331
mean list for latex table
0.3445 &0.1629 &0.3929 &0.0867 &0.3408 &0.4672 &0.3445 &0.6086 &


H	0.1886	0.2311	0.183	0.0858	0.1133	0.2427	0.1208	0.1668	0.1333	0.1234	0.1589	0.0495
C	0.1837	0.2315	0.2226	0.1324	0.1489	0.2532	0.1692	0.1764	0.1394	0.1281	0.1785	0.0419
V	0.1861	0.2313	0.2008	0.1042	0.1287	0.2478	0.1409	0.1715	0.1362	0.1257	0.1673	0.0458
Ari	0.1359	0.1359	0.1116	0.069	0.0789	0.1229	0.0544	0.0584	0.0582	0.0815	0.0907	0.0311
Ami	0.1832	0.2285	0.1975	0.1003	0.125	0.245	0.1371	0.1684	0.133	0.1224	0.164	0.0461
Nmi	0.1861	0.2313	0.2008	0.1042	0.1287	0.2478	0.1409	0.1715	0.1362	0.1257	0.1673	0.0458
purity	0.4531	0.4527	0.4129	0.3519	0.3497	0.4727	0.3608	0.3984	0.3648	0.3538	0.3971	0.0455
accuracy	0.3818	0.3951	0.4129	0.3213	0.3275	0.3741	0.3231	0.3028	0.2803	0.3139	0.3433	0.0419
f1	0.4004	0.4339	0.3956	0.2489	0.3001	0.4089	0.3243	0.301	0.2855	0.3233	0.3422	0.0593
precision	0.4663	0.5902	0.5794	0.2371	0.4073	0.555	0.4579	0.469	0.3888	0.3748	0.4526	0.1023
recall	0.3818	0.3951	0.4129	0.3213	0.3275	0.3741	0.3231	0.3028	0.2803	0.3139	0.3433	0.0419
entropy	0.0924	0.2296	0.6266	1.4111	0.9188	0.236	0.7191	0.3582	0.2925	0.1337	0.5018	0.397
mean list for latex table
0.3433 &0.1673 &0.3971 &0.0907 &0.3422 &0.4526 &0.3433 &0.5018 &


H	0.1133	0.1133	0.0
C	0.1129	0.1129	0.0
V	0.1131	0.1131	0.0
Ari	0.0728	0.0728	0.0
Ami	0.1098	0.1098	0.0
Nmi	0.1131	0.1131	0.0
purity	0.3549	0.3549	0.0
accuracy	0.3239	0.3239	0.0
f1	0.3328	0.3328	0.0
precision	0.4039	0.4039	0.0
recall	0.3239	0.3239	0.0
entropy	0.1325	0.1325	0.0
mean list for latex table
0.3239 &0.1131 &0.3549 &0.0728 &0.3328 &0.4039 &0.3239 &0.1325 &
